-5485.193293	-4111.771051	-2972.265377	-2029.658538	-1252.076201	-612.186901	-86.657647	344.338252	697.564907	987.122647	1224.805315	1224.805315	1387.739193	1521.202325	1632.527366	1726.800675	1807.661293	1877.781546	1939.168060	1993.356905	2041.543882	2084.673806	2123.503064	2158.644366	2190.599308	2219.782468	2246.539493	2271.160854	2293.892431	2314.943755	2334.494486	2352.699551	2369.693259	2385.592623	2400.500054	2414.505571	2427.688621	2440.119586	2451.861039	2462.968802	2473.492826	2483.477948	2492.964529	2501.988996	2510.584313	2518.780379	2526.604382	2534.081094	2541.233136	2548.081206	2554.644281	2560.939788	2566.983764	2572.790986	2578.375100	2583.748721	2588.923529	2593.910359	2598.719270	2603.359616	2607.840109	2612.168868	2616.353472	2620.401006	2624.318094	2628.110943	2631.785372	2635.346842	2638.800481	2642.151115	2645.403284	2648.561266	2651.629093	2654.610572	2657.509298	2660.328670
-5478.577973	-4106.244002	-2967.641249	-2025.781313	-1248.815115	-609.432850	-84.320015	346.334372	699.281137	988.609438	1226.103771	1226.103771	1388.908543	1522.265922	1633.502751	1727.701360	1808.497906	1878.562597	1939.900470	1994.046376	2042.195172	2085.290920	2124.089411	2159.202868	2191.132489	2220.292525	2247.028348	2271.630200	2294.343765	2315.378408	2334.913647	2353.104287	2370.084530	2385.971295	2400.866914	2414.861333	2428.033937	2440.455052	2452.187202	2463.286163	2473.801848	2483.779058	2493.258122	2502.275438	2510.863944	2519.053516	2526.871319	2534.342107	2541.488482	2548.331126	2554.889000	2561.179519	2567.218705	2573.021326	2578.601016	2583.970378	2589.141086	2594.123964	2598.929064	2603.565734	2608.042676	2612.368005	2616.549294	2620.593620	2624.507605	2628.297449	2631.968966	2635.527614	2638.978517	2642.326496	2645.576088	2648.731567	2651.796963	2654.776080	2657.672509	2660.489647
-5471.962652	-4100.716953	-2963.017121	-2021.904087	-1245.554030	-606.678799	-81.982383	348.330492	700.997368	990.096229	1227.402227	1227.402227	1390.077894	1523.329519	1634.478137	1728.602045	1809.334519	1879.343648	1940.632879	1994.735848	2042.846461	2085.908034	2124.675757	2159.761369	2191.665670	2220.802581	2247.517203	2272.099545	2294.795098	2315.813061	2335.332808	2353.509022	2370.475800	2386.349967	2401.233774	2415.217095	2428.379253	2440.790518	2452.513364	2463.603523	2474.110869	2484.080168	2493.551715	2502.561880	2511.143575	2519.326653	2527.138257	2534.603120	2541.743827	2548.581045	2555.133719	2561.419250	2567.453647	2573.251666	2578.826931	2584.192035	2589.358643	2594.337570	2599.138859	2603.771852	2608.245244	2612.567143	2616.745116	2620.786235	2624.697116	2628.483955	2632.152560	2635.708386	2639.156552	2642.501876	2645.748891	2648.901868	2651.964833	2654.941588	2657.835720	2660.650624
-5465.347332	-4095.189904	-2958.392992	-2018.026861	-1242.292944	-603.924748	-79.644751	350.326612	702.713598	991.583020	1228.700683	1228.700683	1391.247245	1524.393116	1635.453522	1729.502731	1810.171132	1880.124699	1941.365289	1995.425319	2043.497750	2086.525147	2125.262104	2160.319870	2192.198850	2221.312638	2248.006058	2272.568891	2295.246432	2316.247714	2335.751970	2353.913758	2370.867070	2386.728639	2401.600633	2415.572857	2428.724569	2441.125984	2452.839527	2463.920884	2474.419891	2484.381278	2493.845308	2502.848322	2511.423207	2519.599790	2527.405194	2534.864133	2541.999173	2548.830965	2555.378438	2561.658980	2567.688588	2573.482006	2579.052846	2584.413693	2589.576200	2594.551175	2599.348654	2603.977970	2608.447812	2612.766281	2616.940938	2620.978850	2624.886627	2628.670460	2632.336154	2635.889158	2639.334587	2642.677256	2645.921695	2649.072169	2652.132704	2655.107096	2657.998931	2660.811601
-5458.732011	-4089.662855	-2953.768864	-2014.149635	-1239.031858	-601.170698	-77.307118	352.322732	704.429829	993.069810	1229.999139	1229.999139	1392.416595	1525.456713	1636.428908	1730.403416	1811.007745	1880.905750	1942.097699	1996.114791	2044.149039	2087.142261	2125.848450	2160.878371	2192.732031	2221.822695	2248.494913	2273.038236	2295.697765	2316.682367	2336.171131	2354.318494	2371.258341	2387.107312	2401.967493	2415.928619	2429.069886	2441.461450	2453.165689	2464.238245	2474.728913	2484.682387	2494.138901	2503.134764	2511.702838	2519.872927	2527.672131	2535.125145	2542.254519	2549.080884	2555.623157	2561.898711	2567.923530	2573.712346	2579.278761	2584.635350	2589.793757	2594.764781	2599.558449	2604.184088	2608.650380	2612.965419	2617.136760	2621.171465	2625.076138	2628.856966	2632.519748	2636.069930	2639.512623	2642.852637	2646.094498	2649.242470	2652.300574	2655.272603	2658.162142	2660.972578
-5452.116691	-4084.135806	-2949.144736	-2010.272409	-1235.770772	-598.416647	-74.969486	354.318852	706.146059	994.556601	1231.297595	1231.297595	1393.585946	1526.520310	1637.404293	1731.304101	1811.844358	1881.686801	1942.830109	1996.804263	2044.800328	2087.759375	2126.434797	2161.436873	2193.265212	2222.332751	2248.983768	2273.507582	2296.149098	2317.117019	2336.590292	2354.723230	2371.649611	2387.485984	2402.334353	2416.284382	2429.415202	2441.796916	2453.491851	2464.555606	2475.037935	2484.983497	2494.432493	2503.421206	2511.982469	2520.146064	2527.939069	2535.386158	2542.509865	2549.330804	2555.867876	2562.138441	2568.158471	2573.942686	2579.504677	2584.857007	2590.011314	2594.978386	2599.768244	2604.390206	2608.852947	2613.164556	2617.332582	2621.364079	2625.265649	2629.043471	2632.703343	2636.250702	2639.690658	2643.028017	2646.267302	2649.412771	2652.468444	2655.438111	2658.325353	2661.133555
-5445.501371	-4078.608757	-2944.520608	-2006.395183	-1232.509687	-595.662596	-72.631854	356.314972	707.862289	996.043392	1232.596051	1232.596051	1394.755296	1527.583908	1638.379678	1732.204786	1812.680971	1882.467852	1943.562518	1997.493734	2045.451618	2088.376489	2127.021143	2161.995374	2193.798393	2222.842808	2249.472623	2273.976927	2296.600432	2317.551672	2337.009453	2355.127966	2372.040882	2387.864656	2402.701213	2416.640144	2429.760518	2442.132382	2453.818014	2464.872967	2475.346956	2485.284607	2494.726086	2503.707648	2512.262100	2520.419200	2528.206006	2535.647171	2542.765210	2549.580723	2556.112595	2562.378172	2568.393413	2574.173026	2579.730592	2585.078664	2590.228871	2595.191991	2599.978039	2604.596324	2609.055515	2613.363694	2617.528404	2621.556694	2625.455160	2629.229977	2632.886937	2636.431474	2639.868694	2643.203398	2646.440105	2649.583073	2652.636315	2655.603619	2658.488564	2661.294531
-5438.886050	-4073.081708	-2939.896480	-2002.517957	-1229.248601	-592.908546	-70.294222	358.311092	709.578520	997.530183	1233.894507	1233.894507	1395.924647	1528.647505	1639.355064	1733.105472	1813.517584	1883.248903	1944.294928	1998.183206	2046.102907	2088.993603	2127.607489	2162.553875	2194.331574	2223.352865	2249.961478	2274.446273	2297.051765	2317.986325	2337.428614	2355.532702	2372.432152	2388.243328	2403.068072	2416.995906	2430.105834	2442.467848	2454.144176	2465.190327	2475.655978	2485.585717	2495.019679	2503.994091	2512.541732	2520.692337	2528.472943	2535.908184	2543.020556	2549.830643	2556.357315	2562.617903	2568.628354	2574.403366	2579.956507	2585.300322	2590.446427	2595.405597	2600.187834	2604.802442	2609.258083	2613.562832	2617.724226	2621.749309	2625.644671	2629.416482	2633.070531	2636.612246	2640.046729	2643.378778	2646.612909	2649.753374	2652.804185	2655.769127	2658.651775	2661.455508
-5432.270730	-4067.554659	-2935.272351	-1998.640731	-1225.987515	-590.154495	-67.956590	360.307212	711.294750	999.016974	1235.192963	1235.192963	1397.093997	1529.711102	1640.330449	1734.006157	1814.354197	1884.029954	1945.027338	1998.872677	2046.754196	2089.610717	2128.193836	2163.112376	2194.864754	2223.862921	2250.450333	2274.915618	2297.503099	2318.420978	2337.847776	2355.937438	2372.823423	2388.622000	2403.434932	2417.351668	2430.451150	2442.803314	2454.470338	2465.507688	2475.965000	2485.886827	2495.313272	2504.280533	2512.821363	2520.965474	2528.739880	2536.169197	2543.275902	2550.080562	2556.602034	2562.857633	2568.863296	2574.633706	2580.182422	2585.521979	2590.663984	2595.619202	2600.397629	2605.008560	2609.460651	2613.761970	2617.920048	2621.941924	2625.834182	2629.602988	2633.254125	2636.793018	2640.224764	2643.554159	2646.785712	2649.923675	2652.972055	2655.934635	2658.814986	2661.616485
-5425.655409	-4062.027610	-2930.648223	-1994.763505	-1222.726429	-587.400444	-65.618958	362.303332	713.010981	1000.503765	1236.491419	1236.491419	1398.263348	1530.774699	1641.305835	1734.906842	1815.190810	1884.811006	1945.759747	1999.562149	2047.405485	2090.227831	2128.780182	2163.670877	2195.397935	2224.372978	2250.939188	2275.384964	2297.954432	2318.855631	2338.266937	2356.342174	2373.214693	2389.000672	2403.801792	2417.707430	2430.796466	2443.138780	2454.796501	2465.825049	2476.274022	2486.187936	2495.606865	2504.566975	2513.100994	2521.238611	2529.006818	2536.430210	2543.531248	2550.330482	2556.846753	2563.097364	2569.098237	2574.864046	2580.408337	2585.743636	2590.881541	2595.832808	2600.607424	2605.214678	2609.663219	2613.961107	2618.115870	2622.134539	2626.023693	2629.789494	2633.437719	2636.973790	2640.402800	2643.729539	2646.958516	2650.093976	2653.139925	2656.100143	2658.978197	2661.777462
-5419.040089	-4056.500561	-2926.024095	-1990.886279	-1219.465343	-584.646393	-63.281325	364.299452	714.727211	1001.990555	1237.789875	1237.789875	1399.432699	1531.838296	1642.281220	1735.807527	1816.027423	1885.592057	1946.492157	2000.251621	2048.056775	2090.844945	2129.366529	2164.229379	2195.931116	2224.883034	2251.428043	2275.854309	2298.405766	2319.290283	2338.686098	2356.746910	2373.605963	2389.379344	2404.168652	2418.063192	2431.141782	2443.474246	2455.122663	2466.142410	2476.583044	2486.489046	2495.900457	2504.853417	2513.380625	2521.511748	2529.273755	2536.691223	2543.786594	2550.580401	2557.091472	2563.337094	2569.333179	2575.094386	2580.634253	2585.965294	2591.099098	2596.046413	2600.817219	2605.420796	2609.865786	2614.160245	2618.311692	2622.327153	2626.213204	2629.975999	2633.621313	2637.154562	2640.580835	2643.904920	2647.131319	2650.264277	2653.307796	2656.265650	2659.141408	2661.938439
-5412.424769	-4050.973512	-2921.399967	-1987.009053	-1216.204258	-581.892343	-60.943693	366.295571	716.443442	1003.477346	1239.088331	1239.088331	1400.602049	1532.901893	1643.256606	1736.708213	1816.864036	1886.373108	1947.224567	2000.941092	2048.708064	2091.462059	2129.952875	2164.787880	2196.464297	2225.393091	2251.916898	2276.323654	2298.857099	2319.724936	2339.105259	2357.151645	2373.997234	2389.758016	2404.535511	2418.418954	2431.487098	2443.809712	2455.448826	2466.459771	2476.892065	2486.790156	2496.194050	2505.139859	2513.660257	2521.784885	2529.540692	2536.952236	2544.041939	2550.830321	2557.336191	2563.576825	2569.568120	2575.324726	2580.860168	2586.186951	2591.316655	2596.260018	2601.027014	2605.626914	2610.068354	2614.359383	2618.507514	2622.519768	2626.402715	2630.162505	2633.804907	2637.335334	2640.758871	2644.080300	2647.304123	2650.434578	2653.475666	2656.431158	2659.304619	2662.099416
-5405.809448	-4045.446463	-2916.775839	-1983.131827	-1212.943172	-579.138292	-58.606061	368.291691	718.159672	1004.964137	1240.386787	1240.386787	1401.771400	1533.965490	1644.231991	1737.608898	1817.700649	1887.154159	1947.956977	2001.630564	2049.359353	2092.079173	2130.539222	2165.346381	2196.997477	2225.903148	2252.405753	2276.793000	2299.308432	2320.159589	2339.524421	2357.556381	2374.388504	2390.136688	2404.902371	2418.774716	2431.832414	2444.145179	2455.774988	2466.777132	2477.201087	2487.091266	2496.487643	2505.426301	2513.939888	2522.058022	2529.807630	2537.213249	2544.297285	2551.080240	2557.580910	2563.816556	2569.803062	2575.555066	2581.086083	2586.408608	2591.534212	2596.473624	2601.236809	2605.833032	2610.270922	2614.558521	2618.703336	2622.712383	2626.592225	2630.349010	2633.988501	2637.516106	2640.936906	2644.255680	2647.476926	2650.604880	2653.643536	2656.596666	2659.467830	2662.260393
-5399.194128	-4039.919414	-2912.151711	-1979.254601	-1209.682086	-576.384241	-56.268429	370.287811	719.875902	1006.450928	1241.685243	1241.685243	1402.940750	1535.029088	1645.207377	1738.509583	1818.537262	1887.935210	1948.689386	2002.320035	2050.010642	2092.696287	2131.125568	2165.904882	2197.530658	2226.413204	2252.894608	2277.262345	2299.759766	2320.594242	2339.943582	2357.961117	2374.779775	2390.515360	2405.269231	2419.130478	2432.177730	2444.480645	2456.101150	2467.094492	2477.510109	2487.392376	2496.781236	2505.712743	2514.219519	2522.331159	2530.074567	2537.474262	2544.552631	2551.330160	2557.825629	2564.056286	2570.038003	2575.785406	2581.311998	2586.630266	2591.751769	2596.687229	2601.446604	2606.039150	2610.473490	2614.757658	2618.899158	2622.904998	2626.781736	2630.535516	2634.172095	2637.696878	2641.114942	2644.431061	2647.649730	2650.775181	2653.811407	2656.762174	2659.631041	2662.421370
-5392.578807	-4034.392365	-2907.527582	-1975.377375	-1206.421000	-573.630190	-53.930797	372.283931	721.592133	1007.937719	1242.983699	1242.983699	1404.110101	1536.092685	1646.182762	1739.410268	1819.373875	1888.716261	1949.421796	2003.009507	2050.661931	2093.313401	2131.711915	2166.463383	2198.063839	2226.923261	2253.383462	2277.731691	2300.211099	2321.028895	2340.362743	2358.365853	2375.171045	2390.894033	2405.636091	2419.486240	2432.523046	2444.816111	2456.427313	2467.411853	2477.819131	2487.693485	2497.074829	2505.999185	2514.499150	2522.604295	2530.341504	2537.735274	2544.807977	2551.580079	2558.070348	2564.296017	2570.272945	2576.015746	2581.537914	2586.851923	2591.969326	2596.900835	2601.656399	2606.245268	2610.676057	2614.956796	2619.094980	2623.097612	2626.971247	2630.722022	2634.355689	2637.877650	2641.292977	2644.606441	2647.822533	2650.945482	2653.979277	2656.927682	2659.794252	2662.582347
-5385.963487	-4028.865316	-2902.903454	-1971.500149	-1203.159914	-570.876140	-51.593164	374.280051	723.308363	1009.424510	1244.282155	1244.282155	1405.279451	1537.156282	1647.158148	1740.310954	1820.210488	1889.497312	1950.154206	2003.698978	2051.313221	2093.930515	2132.298261	2167.021885	2198.597020	2227.433318	2253.872317	2278.201036	2300.662433	2321.463547	2340.781904	2358.770589	2375.562316	2391.272705	2406.002950	2419.842002	2432.868363	2445.151577	2456.753475	2467.729214	2478.128153	2487.994595	2497.368422	2506.285627	2514.778782	2522.877432	2530.608441	2537.996287	2545.063322	2551.829999	2558.315067	2564.535748	2570.507886	2576.246086	2581.763829	2587.073580	2592.186882	2597.114440	2601.866194	2606.451386	2610.878625	2615.155934	2619.290802	2623.290227	2627.160758	2630.908527	2634.539283	2638.058422	2641.471012	2644.781822	2647.995336	2651.115783	2654.147147	2657.093190	2659.957462	2662.743324
-5379.348167	-4023.338267	-2898.279326	-1967.622923	-1199.898829	-568.122089	-49.255532	376.276171	725.024594	1010.911300	1245.580611	1245.580611	1406.448802	1538.219879	1648.133533	1741.211639	1821.047101	1890.278363	1950.886615	2004.388450	2051.964510	2094.547629	2132.884608	2167.580386	2199.130200	2227.943374	2254.361172	2278.670382	2301.113766	2321.898200	2341.201065	2359.175325	2375.953586	2391.651377	2406.369810	2420.197764	2433.213679	2445.487043	2457.079637	2468.046575	2478.437174	2488.295705	2497.662014	2506.572069	2515.058413	2523.150569	2530.875379	2538.257300	2545.318668	2552.079918	2558.559786	2564.775478	2570.742828	2576.476426	2581.989744	2587.295237	2592.404439	2597.328046	2602.075989	2606.657504	2611.081193	2615.355072	2619.486624	2623.482842	2627.350269	2631.095033	2634.722877	2638.239194	2641.649048	2644.957202	2648.168140	2651.286084	2654.315017	2657.258697	2660.120673	2662.904301
-5372.732846	-4017.811218	-2893.655198	-1963.745697	-1196.637743	-565.368038	-46.917900	378.272291	726.740824	1012.398091	1246.879067	1246.879067	1407.618152	1539.283476	1649.108919	1742.112324	1821.883714	1891.059414	1951.619025	2005.077922	2052.615799	2095.164743	2133.470954	2168.138887	2199.663381	2228.453431	2254.850027	2279.139727	2301.565100	2322.332853	2341.620227	2359.580061	2376.344856	2392.030049	2406.736670	2420.553526	2433.558995	2445.822509	2457.405800	2468.363936	2478.746196	2488.596815	2497.955607	2506.858511	2515.338044	2523.423706	2531.142316	2538.518313	2545.574014	2552.329838	2558.804505	2565.015209	2570.977769	2576.706766	2582.215659	2587.516895	2592.621996	2597.541651	2602.285784	2606.863622	2611.283761	2615.554209	2619.682446	2623.675457	2627.539780	2631.281538	2634.906471	2638.419966	2641.827083	2645.132583	2648.340943	2651.456385	2654.482888	2657.424205	2660.283884	2663.065278
-5366.117526	-4012.284169	-2889.031070	-1959.868471	-1193.376657	-562.613988	-44.580268	380.268411	728.457054	1013.884882	1248.177523	1248.177523	1408.787503	1540.347073	1650.084304	1743.013009	1822.720327	1891.840466	1952.351435	2005.767393	2053.267088	2095.781857	2134.057300	2168.697388	2200.196562	2228.963488	2255.338882	2279.609073	2302.016433	2322.767506	2342.039388	2359.984797	2376.736127	2392.408721	2407.103530	2420.909288	2433.904311	2446.157975	2457.731962	2468.681296	2479.055218	2488.897924	2498.249200	2507.144953	2515.617675	2523.696843	2531.409253	2538.779326	2545.829360	2552.579757	2559.049224	2565.254939	2571.212711	2576.937106	2582.441575	2587.738552	2592.839553	2597.755256	2602.495578	2607.069741	2611.486329	2615.753347	2619.878268	2623.868072	2627.729291	2631.468044	2635.090065	2638.600738	2642.005119	2645.307963	2648.513747	2651.626687	2654.650758	2657.589713	2660.447095	2663.226255
-5359.502205	-4006.757120	-2884.406941	-1955.991245	-1190.115571	-559.859937	-42.242636	382.264531	730.173285	1015.371673	1249.475979	1249.475979	1409.956854	1541.410670	1651.059690	1743.913695	1823.556940	1892.621517	1953.083844	2006.456865	2053.918378	2096.398971	2134.643647	2169.255889	2200.729743	2229.473544	2255.827737	2280.078418	2302.467767	2323.202159	2342.458549	2360.389533	2377.127397	2392.787393	2407.470389	2421.265051	2434.249627	2446.493441	2458.058125	2468.998657	2479.364240	2489.199034	2498.542793	2507.431395	2515.897307	2523.969980	2531.676191	2539.040339	2546.084705	2552.829677	2559.293943	2565.494670	2571.447652	2577.167446	2582.667490	2587.960209	2593.057110	2597.968862	2602.705373	2607.275859	2611.688896	2615.952485	2620.074089	2624.060686	2627.918802	2631.654549	2635.273659	2638.781510	2642.183154	2645.483344	2648.686550	2651.796988	2654.818628	2657.755221	2660.610306	2663.387231
-5352.886885	-4001.230071	-2879.782813	-1952.114019	-1186.854485	-557.105886	-39.905004	384.260651	731.889515	1016.858464	1250.774435	1250.774435	1411.126204	1542.474267	1652.035075	1744.814380	1824.393552	1893.402568	1953.816254	2007.146336	2054.569667	2097.016085	2135.229993	2169.814391	2201.262924	2229.983601	2256.316592	2280.547764	2302.919100	2323.636811	2342.877710	2360.794268	2377.518668	2393.166065	2407.837249	2421.620813	2434.594943	2446.828907	2458.384287	2469.316018	2479.673262	2489.500144	2498.836386	2507.717837	2516.176938	2524.243117	2531.943128	2539.301352	2546.340051	2553.079596	2559.538662	2565.734401	2571.682594	2577.397786	2582.893405	2588.181867	2593.274667	2598.182467	2602.915168	2607.481977	2611.891464	2616.151623	2620.269911	2624.253301	2628.108313	2631.841055	2635.457253	2638.962282	2642.361189	2645.658724	2648.859354	2651.967289	2654.986499	2657.920729	2660.773517	2663.548208
-5346.271565	-3995.703022	-2875.158685	-1948.236793	-1183.593400	-554.351835	-37.567371	386.256771	733.605746	1018.345255	1252.072891	1252.072891	1412.295555	1543.537865	1653.010460	1745.715065	1825.230165	1894.183619	1954.548664	2007.835808	2055.220956	2097.633199	2135.816340	2170.372892	2201.796104	2230.493658	2256.805447	2281.017109	2303.370433	2324.071464	2343.296871	2361.199004	2377.909938	2393.544737	2408.204109	2421.976575	2434.940259	2447.164373	2458.710449	2469.633379	2479.982283	2489.801254	2499.129978	2508.004279	2516.456569	2524.516253	2532.210065	2539.562365	2546.595397	2553.329516	2559.783381	2565.974131	2571.917535	2577.628126	2583.119320	2588.403524	2593.492224	2598.396073	2603.124963	2607.688095	2612.094032	2616.350760	2620.465733	2624.445916	2628.297824	2632.027561	2635.640847	2639.143054	2642.539225	2645.834104	2649.032157	2652.137590	2655.154369	2658.086236	2660.936728	2663.709185
-5339.656244	-3990.175973	-2870.534557	-1944.359567	-1180.332314	-551.597785	-35.229739	388.252891	735.321976	1019.832045	1253.371347	1253.371347	1413.464905	1544.601462	1653.985846	1746.615750	1826.066778	1894.964670	1955.281074	2008.525280	2055.872245	2098.250313	2136.402686	2170.931393	2202.329285	2231.003714	2257.294302	2281.486455	2303.821767	2324.506117	2343.716033	2361.603740	2378.301208	2393.923409	2408.570969	2422.332337	2435.285575	2447.499839	2459.036612	2469.950740	2480.291305	2490.102364	2499.423571	2508.290721	2516.736201	2524.789390	2532.477002	2539.823378	2546.850743	2553.579435	2560.028100	2566.213862	2572.152477	2577.858466	2583.345236	2588.625181	2593.709781	2598.609678	2603.334758	2607.894213	2612.296600	2616.549898	2620.661555	2624.638531	2628.487335	2632.214066	2635.824441	2639.323826	2642.717260	2646.009485	2649.204961	2652.307891	2655.322239	2658.251744	2661.099939	2663.870162
-5333.040924	-3984.648925	-2865.910429	-1940.482341	-1177.071228	-548.843734	-32.892107	390.249011	737.038207	1021.318836	1254.669803	1254.669803	1414.634256	1545.665059	1654.961231	1747.516435	1826.903391	1895.745721	1956.013483	2009.214751	2056.523534	2098.867427	2136.989033	2171.489894	2202.862466	2231.513771	2257.783157	2281.955800	2304.273100	2324.940770	2344.135194	2362.008476	2378.692479	2394.302081	2408.937828	2422.688099	2435.630891	2447.835305	2459.362774	2470.268100	2480.600327	2490.403473	2499.717164	2508.577163	2517.015832	2525.062527	2532.743940	2540.084391	2547.106089	2553.829355	2560.272819	2566.453593	2572.387418	2578.088806	2583.571151	2588.846838	2593.927338	2598.823284	2603.544553	2608.100331	2612.499167	2616.749036	2620.857377	2624.831146	2628.676846	2632.400572	2636.008035	2639.504598	2642.895296	2646.184865	2649.377764	2652.478193	2655.490109	2658.417252	2661.263150	2664.031139
-5326.425603	-3979.121876	-2861.286300	-1936.605115	-1173.810142	-546.089683	-30.554475	392.245130	738.754437	1022.805627	1255.968259	1255.968259	1415.803606	1546.728656	1655.936617	1748.417121	1827.740004	1896.526772	1956.745893	2009.904223	2057.174824	2099.484541	2137.575379	2172.048395	2203.395647	2232.023827	2258.272012	2282.425146	2304.724434	2325.375423	2344.554355	2362.413212	2379.083749	2394.680753	2409.304688	2423.043861	2435.976207	2448.170771	2459.688936	2470.585461	2480.909349	2490.704583	2500.010757	2508.863605	2517.295463	2525.335664	2533.010877	2540.345403	2547.361434	2554.079274	2560.517538	2566.693323	2572.622360	2578.319146	2583.797066	2589.068496	2594.144894	2599.036889	2603.754348	2608.306449	2612.701735	2616.948174	2621.053199	2625.023760	2628.866357	2632.587077	2636.191629	2639.685370	2643.073331	2646.360246	2649.550568	2652.648494	2655.657980	2658.582760	2661.426361	2664.192116
-5319.810283	-3973.594827	-2856.662172	-1932.727889	-1170.549057	-543.335633	-28.216843	394.241250	740.470667	1024.292418	1257.266715	1257.266715	1416.972957	1547.792253	1656.912002	1749.317806	1828.576617	1897.307823	1957.478303	2010.593694	2057.826113	2100.101655	2138.161726	2172.606897	2203.928827	2232.533884	2258.760867	2282.894491	2305.175767	2325.810075	2344.973516	2362.817948	2379.475020	2395.059426	2409.671548	2423.399623	2436.321524	2448.506237	2460.015099	2470.902822	2481.218370	2491.005693	2500.304350	2509.150047	2517.575094	2525.608801	2533.277814	2540.606416	2547.616780	2554.329194	2560.762257	2566.933054	2572.857301	2578.549486	2584.022981	2589.290153	2594.362451	2599.250494	2603.964143	2608.512567	2612.904303	2617.147311	2621.249021	2625.216375	2629.055868	2632.773583	2636.375223	2639.866142	2643.251367	2646.535626	2649.723371	2652.818795	2655.825850	2658.748268	2661.589572	2664.353093
-5313.194963	-3968.067778	-2852.038044	-1928.850663	-1167.287971	-540.581582	-25.879210	396.237370	742.186898	1025.779209	1258.565171	1258.565171	1418.142307	1548.855850	1657.887388	1750.218491	1829.413230	1898.088874	1958.210712	2011.283166	2058.477402	2100.718768	2138.748072	2173.165398	2204.462008	2233.043941	2259.249722	2283.363836	2305.627101	2326.244728	2345.392677	2363.222684	2379.866290	2395.438098	2410.038408	2423.755385	2436.666840	2448.841703	2460.341261	2471.220183	2481.527392	2491.306803	2500.597942	2509.436489	2517.854726	2525.881938	2533.544752	2540.867429	2547.872126	2554.579113	2561.006976	2567.172784	2573.092243	2578.779826	2584.248897	2589.511810	2594.580008	2599.464100	2604.173938	2608.718685	2613.106871	2617.346449	2621.444843	2625.408990	2629.245379	2632.960089	2636.558817	2640.046914	2643.429402	2646.711007	2649.896175	2652.989096	2655.993720	2658.913776	2661.752783	2664.514070
-5306.579642	-3962.540729	-2847.413916	-1924.973437	-1164.026885	-537.827531	-23.541578	398.233490	743.903128	1027.266000	1259.863627	1259.863627	1419.311658	1549.919447	1658.862773	1751.119176	1830.249843	1898.869926	1958.943122	2011.972637	2059.128691	2101.335882	2139.334419	2173.723899	2204.995189	2233.553997	2259.738576	2283.833182	2306.078434	2326.679381	2345.811839	2363.627420	2380.257561	2395.816770	2410.405267	2424.111147	2437.012156	2449.177169	2460.667424	2471.537544	2481.836414	2491.607913	2500.891535	2509.722931	2518.134357	2526.155075	2533.811689	2541.128442	2548.127472	2554.829033	2561.251696	2567.412515	2573.327184	2579.010166	2584.474812	2589.733468	2594.797565	2599.677705	2604.383733	2608.924803	2613.309439	2617.545587	2621.640665	2625.601605	2629.434890	2633.146594	2636.742411	2640.227686	2643.607437	2646.886387	2650.068978	2653.159397	2656.161591	2659.079283	2661.915994	2664.675047
-5299.964322	-3957.013680	-2842.789788	-1921.096211	-1160.765799	-535.073480	-21.203946	400.229610	745.619359	1028.752791	1261.162083	1261.162083	1420.481009	1550.983044	1659.838159	1752.019862	1831.086456	1899.650977	1959.675532	2012.662109	2059.779980	2101.952996	2139.920765	2174.282400	2205.528370	2234.064054	2260.227431	2284.302527	2306.529767	2327.114034	2346.231000	2364.032155	2380.648831	2396.195442	2410.772127	2424.466909	2437.357472	2449.512635	2460.993586	2471.854904	2482.145436	2491.909022	2501.185128	2510.009373	2518.413988	2526.428212	2534.078626	2541.389455	2548.382817	2555.078952	2561.496415	2567.652246	2573.562126	2579.240506	2584.700727	2589.955125	2595.015122	2599.891311	2604.593528	2609.130921	2613.512006	2617.744725	2621.836487	2625.794219	2629.624401	2633.333100	2636.926006	2640.408458	2643.785473	2647.061768	2650.241782	2653.329698	2656.329461	2659.244791	2662.079205	2664.836024
-5293.349001	-3951.486631	-2838.165660	-1917.218985	-1157.504713	-532.319430	-18.866314	402.225730	747.335589	1030.239581	1262.460539	1262.460539	1421.650359	1552.046642	1660.813544	1752.920547	1831.923069	1900.432028	1960.407942	2013.351581	2060.431270	2102.570110	2140.507111	2174.840902	2206.061551	2234.574111	2260.716286	2284.771873	2306.981101	2327.548687	2346.650161	2364.436891	2381.040101	2396.574114	2411.138987	2424.822671	2437.702788	2449.848102	2461.319748	2472.172265	2482.454458	2492.210132	2501.478721	2510.295815	2518.693619	2526.701348	2534.345563	2541.650468	2548.638163	2555.328872	2561.741134	2567.891976	2573.797067	2579.470846	2584.926642	2590.176782	2595.232679	2600.104916	2604.803323	2609.337039	2613.714574	2617.943862	2622.032309	2625.986834	2629.813912	2633.519605	2637.109600	2640.589230	2643.963508	2647.237148	2650.414585	2653.500000	2656.497331	2659.410299	2662.242416	2664.997001
-5286.733681	-3945.959582	-2833.541531	-1913.341759	-1154.243628	-529.565379	-16.528682	404.221850	749.051819	1031.726372	1263.758995	1263.758995	1422.819710	1553.110239	1661.788930	1753.821232	1832.759682	1901.213079	1961.140351	2014.041052	2061.082559	2103.187224	2141.093458	2175.399403	2206.594731	2235.084167	2261.205141	2285.241218	2307.432434	2327.983339	2347.069322	2364.841627	2381.431372	2396.952786	2411.505847	2425.178433	2438.048104	2450.183568	2461.645911	2472.489626	2482.763479	2492.511242	2501.772314	2510.582257	2518.973251	2526.974485	2534.612501	2541.911481	2548.893509	2555.578791	2561.985853	2568.131707	2574.032009	2579.701186	2585.152558	2590.398440	2595.450236	2600.318521	2605.013118	2609.543157	2613.917142	2618.143000	2622.228131	2626.179449	2630.003423	2633.706111	2637.293194	2640.770002	2644.141544	2647.412528	2650.587389	2653.670301	2656.665201	2659.575807	2662.405627	2665.157978
-5280.118361	-3940.432533	-2828.917403	-1909.464533	-1150.982542	-526.811328	-14.191050	406.217970	750.768050	1033.213163	1265.057451	1265.057451	1423.989060	1554.173836	1662.764315	1754.721917	1833.596295	1901.994130	1961.872761	2014.730524	2061.733848	2103.804338	2141.679804	2175.957904	2207.127912	2235.594224	2261.693996	2285.710564	2307.883768	2328.417992	2347.488483	2365.246363	2381.822642	2397.331458	2411.872706	2425.534195	2438.393420	2450.519034	2461.972073	2472.806987	2483.072501	2492.812352	2502.065907	2510.868699	2519.252882	2527.247622	2534.879438	2542.172494	2549.148855	2555.828711	2562.230572	2568.371438	2574.266950	2579.931526	2585.378473	2590.620097	2595.667793	2600.532127	2605.222913	2609.749275	2614.119710	2618.342138	2622.423953	2626.372064	2630.192934	2633.892616	2637.476788	2640.950774	2644.319579	2647.587909	2650.760192	2653.840602	2656.833072	2659.741315	2662.568837	2665.318955
-5273.503040	-3934.905484	-2824.293275	-1905.587307	-1147.721456	-524.057278	-11.853417	408.214090	752.484280	1034.699954	1266.355907	1266.355907	1425.158411	1555.237433	1663.739701	1755.622603	1834.432908	1902.775181	1962.605171	2015.419995	2062.385137	2104.421452	2142.266151	2176.516405	2207.661093	2236.104281	2262.182851	2286.179909	2308.335101	2328.852645	2347.907645	2365.651099	2382.213913	2397.710130	2412.239566	2425.889958	2438.738736	2450.854500	2462.298235	2473.124348	2483.381523	2493.113461	2502.359499	2511.155141	2519.532513	2527.520759	2535.146375	2542.433507	2549.404200	2556.078630	2562.475291	2568.611168	2574.501892	2580.161866	2585.604388	2590.841754	2595.885349	2600.745732	2605.432708	2609.955393	2614.322277	2618.541276	2622.619775	2626.564679	2630.382445	2634.079122	2637.660382	2641.131546	2644.497614	2647.763289	2650.932996	2654.010903	2657.000942	2659.906823	2662.732048	2665.479931
-5266.887720	-3929.378435	-2819.669147	-1901.710081	-1144.460370	-521.303227	-9.515785	410.210210	754.200511	1036.186745	1267.654363	1267.654363	1426.327761	1556.301030	1664.715086	1756.523288	1835.269521	1903.556232	1963.337580	2016.109467	2063.036427	2105.038566	2142.852497	2177.074906	2208.194274	2236.614337	2262.671706	2286.649255	2308.786435	2329.287298	2348.326806	2366.055835	2382.605183	2398.088802	2412.606426	2426.245720	2439.084052	2451.189966	2462.624398	2473.441709	2483.690545	2493.414571	2502.653092	2511.441583	2519.812144	2527.793896	2535.413313	2542.694519	2549.659546	2556.328550	2562.720010	2568.850899	2574.736833	2580.392206	2585.830303	2591.063411	2596.102906	2600.959338	2605.642503	2610.161511	2614.524845	2618.740413	2622.815597	2626.757293	2630.571956	2634.265628	2637.843976	2641.312318	2644.675650	2647.938670	2651.105799	2654.181204	2657.168812	2660.072330	2662.895259	2665.640908
-5260.272399	-3923.851386	-2815.045019	-1897.832855	-1141.199284	-518.549176	-7.178153	412.206330	755.916741	1037.673536	1268.952819	1268.952819	1427.497112	1557.364627	1665.690471	1757.423973	1836.106134	1904.337283	1964.069990	2016.798939	2063.687716	2105.655680	2143.438844	2177.633408	2208.727454	2237.124394	2263.160561	2287.118600	2309.237768	2329.721951	2348.745967	2366.460571	2382.996454	2398.467474	2412.973286	2426.601482	2439.429368	2451.525432	2462.950560	2473.759069	2483.999567	2493.715681	2502.946685	2511.728025	2520.091776	2528.067033	2535.680250	2542.955532	2549.914892	2556.578469	2562.964729	2569.090629	2574.971775	2580.622546	2586.056218	2591.285069	2596.320463	2601.172943	2605.852297	2610.367629	2614.727413	2618.939551	2623.011419	2626.949908	2630.761467	2634.452133	2638.027570	2641.493090	2644.853685	2648.114050	2651.278603	2654.351505	2657.336683	2660.237838	2663.058470	2665.801885
-5253.657079	-3918.324337	-2810.420890	-1893.955629	-1137.938199	-515.795125	-4.840521	414.202450	757.632972	1039.160326	1270.251275	1270.251275	1428.666462	1558.428224	1666.665857	1758.324658	1836.942747	1905.118334	1964.802400	2017.488410	2064.339005	2106.272794	2144.025190	2178.191909	2209.260635	2237.634450	2263.649416	2287.587946	2309.689102	2330.156603	2349.165128	2366.865307	2383.387724	2398.846147	2413.340146	2426.957244	2439.774684	2451.860898	2463.276722	2474.076430	2484.308588	2494.016791	2503.240278	2512.014467	2520.371407	2528.340170	2535.947187	2543.216545	2550.170238	2556.828389	2563.209448	2569.330360	2575.206716	2580.852885	2586.282134	2591.506726	2596.538020	2601.386549	2606.062092	2610.573747	2614.929981	2619.138689	2623.207241	2627.142523	2630.950978	2634.638639	2638.211164	2641.673862	2645.031721	2648.289431	2651.451406	2654.521807	2657.504553	2660.403346	2663.221681	2665.962862
-5247.041759	-3912.797288	-2805.796762	-1890.078403	-1134.677113	-513.041075	-2.502889	416.198570	759.349202	1040.647117	1271.549731	1271.549731	1429.835813	1559.491821	1667.641242	1759.225344	1837.779360	1905.899386	1965.534809	2018.177882	2064.990294	2106.889908	2144.611537	2178.750410	2209.793816	2238.144507	2264.138271	2288.057291	2310.140435	2330.591256	2349.584289	2367.270043	2383.778994	2399.224819	2413.707005	2427.313006	2440.120001	2452.196364	2463.602885	2474.393791	2484.617610	2494.317901	2503.533871	2512.300909	2520.651038	2528.613306	2536.214124	2543.477558	2550.425583	2557.078308	2563.454167	2569.570091	2575.441658	2581.083225	2586.508049	2591.728383	2596.755577	2601.600154	2606.271887	2610.779865	2615.132549	2619.337827	2623.403063	2627.335138	2631.140489	2634.825144	2638.394758	2641.854634	2645.209756	2648.464811	2651.624210	2654.692108	2657.672423	2660.568854	2663.384892	2666.123839
-5240.426438	-3907.270239	-2801.172634	-1886.201177	-1131.416027	-510.287024	-0.165256	418.194690	761.065432	1042.133908	1272.848187	1272.848187	1431.005164	1560.555419	1668.616628	1760.126029	1838.615973	1906.680437	1966.267219	2018.867353	2065.641583	2107.507022	2145.197883	2179.308911	2210.326997	2238.654564	2264.627126	2288.526637	2310.591768	2331.025909	2350.003451	2367.674778	2384.170265	2399.603491	2414.073865	2427.668768	2440.465317	2452.531830	2463.929047	2474.711152	2484.926632	2494.619010	2503.827463	2512.587351	2520.930669	2528.886443	2536.481062	2543.738571	2550.680929	2557.328228	2563.698886	2569.809821	2575.676599	2581.313565	2586.733964	2591.950041	2596.973134	2601.813759	2606.481682	2610.985983	2615.335116	2619.536965	2623.598885	2627.527752	2631.329999	2635.011650	2638.578352	2642.035406	2645.387792	2648.640192	2651.797013	2654.862409	2657.840293	2660.734362	2663.548103	2666.284816
-5233.811118	-3901.743190	-2796.548506	-1882.323951	-1128.154941	-507.532973	2.172376	420.190809	762.781663	1043.620699	1274.146643	1274.146643	1432.174514	1561.619016	1669.592013	1761.026714	1839.452586	1907.461488	1966.999629	2019.556825	2066.292873	2108.124136	2145.784230	2179.867412	2210.860177	2239.164620	2265.115981	2288.995982	2311.043102	2331.460562	2350.422612	2368.079514	2384.561535	2399.982163	2414.440725	2428.024530	2440.810633	2452.867296	2464.255210	2475.028513	2485.235654	2494.920120	2504.121056	2512.873793	2521.210301	2529.159580	2536.747999	2543.999584	2550.936275	2557.578147	2563.943605	2570.049552	2575.911541	2581.543905	2586.959879	2592.171698	2597.190691	2602.027365	2606.691477	2611.192101	2615.537684	2619.736102	2623.794707	2627.720367	2631.519510	2635.198156	2638.761946	2642.216178	2645.565827	2648.815572	2651.969817	2655.032710	2658.008164	2660.899870	2663.711314	2666.445793
-5227.195797	-3896.216141	-2791.924378	-1878.446725	-1124.893855	-504.778923	4.510008	422.186929	764.497893	1045.107490	1275.445099	1275.445099	1433.343865	1562.682613	1670.567399	1761.927399	1840.289199	1908.242539	1967.732039	2020.246296	2066.944162	2108.741250	2146.370576	2180.425914	2211.393358	2239.674677	2265.604836	2289.465328	2311.494435	2331.895215	2350.841773	2368.484250	2384.952806	2400.360835	2414.807585	2428.380292	2441.155949	2453.202762	2464.581372	2475.345873	2485.544676	2495.221230	2504.414649	2513.160235	2521.489932	2529.432717	2537.014936	2544.260597	2551.191621	2557.828067	2564.188324	2570.289283	2576.146482	2581.774245	2587.185795	2592.393355	2597.408248	2602.240970	2606.901272	2611.398219	2615.740252	2619.935240	2623.990529	2627.912982	2631.709021	2635.384661	2638.945540	2642.396950	2645.743862	2648.990952	2652.142620	2655.203011	2658.176034	2661.065377	2663.874525	2666.606770
-5220.580477	-3890.689092	-2787.300249	-1874.569499	-1121.632770	-502.024872	6.847640	424.183049	766.214124	1046.594281	1276.743555	1276.743555	1434.513215	1563.746210	1671.542784	1762.828085	1841.125812	1909.023590	1968.464448	2020.935768	2067.595451	2109.358364	2146.956922	2180.984415	2211.926539	2240.184734	2266.093690	2289.934673	2311.945769	2332.329867	2351.260934	2368.888986	2385.344076	2400.739507	2415.174444	2428.736054	2441.501265	2453.538228	2464.907534	2475.663234	2485.853697	2495.522340	2504.708242	2513.446677	2521.769563	2529.705854	2537.281874	2544.521610	2551.446967	2558.077986	2564.433043	2570.529013	2576.381424	2582.004585	2587.411710	2592.615012	2597.625805	2602.454576	2607.111067	2611.604337	2615.942820	2620.134378	2624.186351	2628.105597	2631.898532	2635.571167	2639.129134	2642.577722	2645.921898	2649.166333	2652.315424	2655.373312	2658.343904	2661.230885	2664.037736	2666.767747
-5213.965157	-3885.162043	-2782.676121	-1870.692273	-1118.371684	-499.270821	9.185272	426.179169	767.930354	1048.081071	1278.042011	1278.042011	1435.682566	1564.809807	1672.518170	1763.728770	1841.962424	1909.804641	1969.196858	2021.625240	2068.246740	2109.975478	2147.543269	2181.542916	2212.459720	2240.694790	2266.582545	2290.404018	2312.397102	2332.764520	2351.680095	2369.293722	2385.735347	2401.118179	2415.541304	2429.091816	2441.846581	2453.873694	2465.233697	2475.980595	2486.162719	2495.823450	2505.001835	2513.733119	2522.049194	2529.978991	2537.548811	2544.782623	2551.702312	2558.327906	2564.677762	2570.768744	2576.616365	2582.234925	2587.637625	2592.836670	2597.843361	2602.668181	2607.320862	2611.810455	2616.145387	2620.333516	2624.382173	2628.298212	2632.088043	2635.757672	2639.312728	2642.758494	2646.099933	2649.341713	2652.488227	2655.543614	2658.511775	2661.396393	2664.200947	2666.928724
-5207.349836	-3879.634994	-2778.051993	-1866.815047	-1115.110598	-496.516770	11.522904	428.175289	769.646584	1049.567862	1279.340467	1279.340467	1436.851916	1565.873404	1673.493555	1764.629455	1842.799037	1910.585692	1969.929268	2022.314711	2068.898030	2110.592592	2148.129615	2182.101417	2212.992901	2241.204847	2267.071400	2290.873364	2312.848436	2333.199173	2352.099257	2369.698458	2386.126617	2401.496851	2415.908164	2429.447578	2442.191897	2454.209160	2465.559859	2476.297956	2486.471741	2496.124559	2505.295427	2514.019561	2522.328826	2530.252128	2537.815748	2545.043636	2551.957658	2558.577825	2564.922481	2571.008474	2576.851307	2582.465265	2587.863540	2593.058327	2598.060918	2602.881787	2607.530657	2612.016573	2616.347955	2620.532653	2624.577995	2628.490826	2632.277554	2635.944178	2639.496322	2642.939266	2646.277969	2649.517094	2652.661031	2655.713915	2658.679645	2661.561901	2664.364158	2667.089701
-5200.734516	-3874.107945	-2773.427865	-1862.937821	-1111.849512	-493.762720	13.860537	430.171409	771.362815	1051.054653	1280.638923	1280.638923	1438.021267	1566.937001	1674.468941	1765.530140	1843.635650	1911.366743	1970.661677	2023.004183	2069.549319	2111.209706	2148.715962	2182.659918	2213.526081	2241.714904	2267.560255	2291.342709	2313.299769	2333.633826	2352.518418	2370.103194	2386.517887	2401.875523	2416.275024	2429.803340	2442.537213	2454.544626	2465.886021	2476.615317	2486.780763	2496.425669	2505.589020	2514.306003	2522.608457	2530.525265	2538.082685	2545.304648	2552.213004	2558.827745	2565.167200	2571.248205	2577.086248	2582.695605	2588.089456	2593.279984	2598.278475	2603.095392	2607.740452	2612.222691	2616.550523	2620.731791	2624.773817	2628.683441	2632.467065	2636.130684	2639.679916	2643.120038	2646.456004	2649.692474	2652.833834	2655.884216	2658.847515	2661.727409	2664.527369	2667.250678
-5194.119195	-3868.580896	-2768.803737	-1859.060595	-1108.588427	-491.008669	16.198169	432.167529	773.079045	1052.541444	1281.937379	1281.937379	1439.190617	1568.000598	1675.444326	1766.430825	1844.472263	1912.147794	1971.394087	2023.693654	2070.200608	2111.826820	2149.302308	2183.218420	2214.059262	2242.224960	2268.049110	2291.812055	2313.751102	2334.068479	2352.937579	2370.507930	2386.909158	2402.254195	2416.641883	2430.159102	2442.882529	2454.880092	2466.212184	2476.932677	2487.089785	2496.726779	2505.882613	2514.592445	2522.888088	2530.798401	2538.349623	2545.565661	2552.468350	2559.077664	2565.411919	2571.487936	2577.321190	2582.925945	2588.315371	2593.501642	2598.496032	2603.308997	2607.950247	2612.428809	2616.753091	2620.930929	2624.969639	2628.876056	2632.656576	2636.317189	2639.863510	2643.300810	2646.634039	2649.867855	2653.006638	2656.054517	2659.015386	2661.892916	2664.690580	2667.411655
-5187.503875	-3863.053847	-2764.179609	-1855.183369	-1105.327341	-488.254618	18.535801	434.163649	774.795276	1054.028235	1283.235835	1283.235835	1440.359968	1569.064196	1676.419712	1767.331511	1845.308876	1912.928846	1972.126497	2024.383126	2070.851897	2112.443934	2149.888655	2183.776921	2214.592443	2242.735017	2268.537965	2292.281400	2314.202436	2334.503131	2353.356740	2370.912666	2387.300428	2402.632868	2417.008743	2430.514864	2443.227845	2455.215558	2466.538346	2477.250038	2487.398806	2497.027889	2506.176206	2514.878887	2523.167720	2531.071538	2538.616560	2545.826674	2552.723695	2559.327584	2565.656638	2571.727666	2577.556131	2583.156285	2588.541286	2593.723299	2598.713589	2603.522603	2608.160042	2612.634927	2616.955659	2621.130067	2625.165460	2629.068671	2632.846087	2636.503695	2640.047104	2643.481582	2646.812075	2650.043235	2653.179441	2656.224818	2659.183256	2662.058424	2664.853791	2667.572631
-5180.888555	-3857.526798	-2759.555480	-1851.306143	-1102.066255	-485.500568	20.873433	436.159769	776.511506	1055.515026	1284.534291	1284.534291	1441.529319	1570.127793	1677.395097	1768.232196	1846.145489	1913.709897	1972.858907	2025.072598	2071.503186	2113.061048	2150.475001	2184.335422	2215.125624	2243.245074	2269.026820	2292.750746	2314.653769	2334.937784	2353.775901	2371.317401	2387.691699	2403.011540	2417.375603	2430.870627	2443.573162	2455.551024	2466.864509	2477.567399	2487.707828	2497.328998	2506.469799	2515.165329	2523.447351	2531.344675	2538.883497	2546.087687	2552.979041	2559.577503	2565.901358	2571.967397	2577.791073	2583.386625	2588.767201	2593.944956	2598.931146	2603.736208	2608.369837	2612.841045	2617.158226	2621.329204	2625.361282	2629.261285	2633.035598	2636.690200	2640.230698	2643.662354	2646.990110	2650.218616	2653.352245	2656.395119	2659.351126	2662.223932	2665.017001	2667.733608
-5174.273234	-3851.999749	-2754.931352	-1847.428917	-1098.805169	-482.746517	23.211065	438.155889	778.227737	1057.001816	1285.832747	1285.832747	1442.698669	1571.191390	1678.370482	1769.132881	1846.982102	1914.490948	1973.591316	2025.762069	2072.154476	2113.678162	2151.061348	2184.893923	2215.658804	2243.755130	2269.515675	2293.220091	2315.105103	2335.372437	2354.195063	2371.722137	2388.082969	2403.390212	2417.742463	2431.226389	2443.918478	2455.886491	2467.190671	2477.884760	2488.016850	2497.630108	2506.763392	2515.451771	2523.726982	2531.617812	2539.150435	2546.348700	2553.234387	2559.827423	2566.146077	2572.207127	2578.026014	2583.616965	2588.993117	2594.166614	2599.148703	2603.949814	2608.579632	2613.047163	2617.360794	2621.528342	2625.557104	2629.453900	2633.225109	2636.876706	2640.414292	2643.843126	2647.168146	2650.393996	2653.525048	2656.565421	2659.518996	2662.389440	2665.180212	2667.894585
-5167.657914	-3846.472700	-2750.307224	-1843.551691	-1095.544083	-479.992466	25.548698	440.152009	779.943967	1058.488607	1287.131203	1287.131203	1443.868020	1572.254987	1679.345868	1770.033566	1847.818715	1915.271999	1974.323726	2026.451541	2072.805765	2114.295276	2151.647694	2185.452425	2216.191985	2244.265187	2270.004530	2293.689437	2315.556436	2335.807090	2354.614224	2372.126873	2388.474239	2403.768884	2418.109322	2431.582151	2444.263794	2456.221957	2467.516833	2478.202121	2488.325872	2497.931218	2507.056984	2515.738213	2524.006613	2531.890949	2539.417372	2546.609713	2553.489733	2560.077342	2566.390796	2572.446858	2578.260956	2583.847305	2589.219032	2594.388271	2599.366260	2604.163419	2608.789427	2613.253281	2617.563362	2621.727480	2625.752926	2629.646515	2633.414620	2637.063211	2640.597886	2644.023898	2647.346181	2650.569376	2653.697852	2656.735722	2659.686867	2662.554948	2665.343423	2668.055562
-5161.042593	-3840.945651	-2745.683096	-1839.674465	-1092.282998	-477.238415	27.886330	442.148129	781.660197	1059.975398	1288.429659	1288.429659	1445.037370	1573.318584	1680.321253	1770.934252	1848.655328	1916.053050	1975.056136	2027.141012	2073.457054	2114.912389	2152.234041	2186.010926	2216.725166	2244.775243	2270.493385	2294.158782	2316.007770	2336.241743	2355.033385	2372.531609	2388.865510	2404.147556	2418.476182	2431.937913	2444.609110	2456.557423	2467.842996	2478.519481	2488.634893	2498.232328	2507.350577	2516.024655	2524.286245	2532.164086	2539.684309	2546.870726	2553.745078	2560.327262	2566.635515	2572.686589	2578.495897	2584.077645	2589.444947	2594.609928	2599.583816	2604.377025	2608.999222	2613.459399	2617.765930	2621.926618	2625.948748	2629.839130	2633.604131	2637.249717	2640.781480	2644.204670	2647.524217	2650.744757	2653.870655	2656.906023	2659.854737	2662.720456	2665.506634	2668.216539
-5154.427273	-3835.418602	-2741.058968	-1835.797239	-1089.021912	-474.484365	30.223962	444.144249	783.376428	1061.462189	1289.728115	1289.728115	1446.206721	1574.382181	1681.296639	1771.834937	1849.491941	1916.834101	1975.788545	2027.830484	2074.108343	2115.529503	2152.820387	2186.569427	2217.258347	2245.285300	2270.982240	2294.628128	2316.459103	2336.676395	2355.452546	2372.936345	2389.256780	2404.526228	2418.843042	2432.293675	2444.954426	2456.892889	2468.169158	2478.836842	2488.943915	2498.533438	2507.644170	2516.311097	2524.565876	2532.437223	2539.951247	2547.131739	2554.000424	2560.577181	2566.880234	2572.926319	2578.730839	2584.307985	2589.670862	2594.831585	2599.801373	2604.590630	2609.209017	2613.665517	2617.968497	2622.125755	2626.144570	2630.031745	2633.793642	2637.436223	2640.965074	2644.385442	2647.702252	2650.920137	2654.043459	2657.076324	2660.022607	2662.885963	2665.669845	2668.377516
-5147.811953	-3829.891554	-2736.434839	-1831.920013	-1085.760826	-471.730314	32.561594	446.140369	785.092658	1062.948980	1291.026571	1291.026571	1447.376071	1575.445778	1682.272024	1772.735622	1850.328554	1917.615152	1976.520955	2028.519955	2074.759632	2116.146617	2153.406733	2187.127928	2217.791528	2245.795357	2271.471095	2295.097473	2316.910436	2337.111048	2355.871708	2373.341081	2389.648051	2404.904900	2419.209902	2432.649437	2445.299742	2457.228355	2468.495320	2479.154203	2489.252937	2498.834547	2507.937763	2516.597539	2524.845507	2532.710359	2540.218184	2547.392752	2554.255770	2560.827101	2567.124953	2573.166050	2578.965780	2584.538325	2589.896778	2595.053243	2600.018930	2604.804235	2609.418811	2613.871635	2618.171065	2622.324893	2626.340392	2630.224359	2633.983153	2637.622728	2641.148669	2644.566214	2647.880287	2651.095518	2654.216262	2657.246625	2660.190478	2663.051471	2665.833056	2668.538493
-5141.196632	-3824.364505	-2731.810711	-1828.042787	-1082.499740	-468.976263	34.899226	448.136488	786.808889	1064.435771	1292.325027	1292.325027	1448.545422	1576.509375	1683.247410	1773.636307	1851.165167	1918.396203	1977.253365	2029.209427	2075.410922	2116.763731	2153.993080	2187.686429	2218.324708	2246.305413	2271.959950	2295.566819	2317.361770	2337.545701	2356.290869	2373.745817	2390.039321	2405.283572	2419.576761	2433.005199	2445.645058	2457.563821	2468.821483	2479.471564	2489.561959	2499.135657	2508.231356	2516.883981	2525.125138	2532.983496	2540.485121	2547.653764	2554.511116	2561.077020	2567.369672	2573.405781	2579.200722	2584.768665	2590.122693	2595.274900	2600.236487	2605.017841	2609.628606	2614.077753	2618.373633	2622.524031	2626.536214	2630.416974	2634.172664	2637.809234	2641.332263	2644.746986	2648.058323	2651.270898	2654.389066	2657.416926	2660.358348	2663.216979	2665.996267	2668.699470
-5134.581312	-3818.837456	-2727.186583	-1824.165561	-1079.238654	-466.222213	37.236858	450.132608	788.525119	1065.922562	1293.623483	1293.623483	1449.714773	1577.572973	1684.222795	1774.536993	1852.001780	1919.177254	1977.985774	2029.898899	2076.062211	2117.380845	2154.579426	2188.244931	2218.857889	2246.815470	2272.448805	2296.036164	2317.813103	2337.980354	2356.710030	2374.150553	2390.430592	2405.662244	2419.943621	2433.360961	2445.990374	2457.899287	2469.147645	2479.788925	2489.870981	2499.436767	2508.524948	2517.170423	2525.404770	2533.256633	2540.752058	2547.914777	2554.766461	2561.326940	2567.614391	2573.645511	2579.435663	2584.999005	2590.348608	2595.496557	2600.454044	2605.231446	2609.838401	2614.283871	2618.576201	2622.723169	2626.732036	2630.609589	2634.362175	2637.995739	2641.515857	2644.927758	2648.236358	2651.446279	2654.561869	2657.587228	2660.526218	2663.382487	2666.159478	2668.860447
-5127.965991	-3813.310407	-2722.562455	-1820.288335	-1075.977569	-463.468162	39.574491	452.128728	790.241349	1067.409352	1294.921939	1294.921939	1450.884123	1578.636570	1685.198181	1775.437678	1852.838393	1919.958306	1978.718184	2030.588370	2076.713500	2117.997959	2155.165773	2188.803432	2219.391070	2247.325527	2272.937659	2296.505510	2318.264437	2338.415007	2357.129191	2374.555289	2390.821862	2406.040916	2420.310481	2433.716723	2446.335690	2458.234753	2469.473808	2480.106286	2490.180002	2499.737877	2508.818541	2517.456865	2525.684401	2533.529770	2541.018996	2548.175790	2555.021807	2561.576859	2567.859110	2573.885242	2579.670605	2585.229345	2590.574523	2595.718215	2600.671601	2605.445052	2610.048196	2614.489989	2618.778768	2622.922306	2626.927858	2630.802204	2634.551686	2638.182245	2641.699451	2645.108530	2648.414394	2651.621659	2654.734673	2657.757529	2660.694088	2663.547995	2666.322689	2669.021424
-5121.350671	-3807.783358	-2717.938327	-1816.411109	-1072.716483	-460.714111	41.912123	454.124848	791.957580	1068.896143	1296.220395	1296.220395	1452.053474	1579.700167	1686.173566	1776.338363	1853.675006	1920.739357	1979.450594	2031.277842	2077.364789	2118.615073	2155.752119	2189.361933	2219.924251	2247.835583	2273.426514	2296.974855	2318.715770	2338.849659	2357.548352	2374.960024	2391.213132	2406.419588	2420.677341	2434.072485	2446.681006	2458.570219	2469.799970	2480.423646	2490.489024	2500.038986	2509.112134	2517.743307	2525.964032	2533.802907	2541.285933	2548.436803	2555.277153	2561.826779	2568.103829	2574.124972	2579.905546	2585.459685	2590.800439	2595.939872	2600.889158	2605.658657	2610.257991	2614.696107	2618.981336	2623.121444	2627.123680	2630.994818	2634.741197	2638.368751	2641.883045	2645.289302	2648.592429	2651.797039	2654.907476	2657.927830	2660.861959	2663.713503	2666.485900	2669.182401
-5114.735351	-3802.256309	-2713.314198	-1812.533883	-1069.455397	-457.960060	44.249755	456.120968	793.673810	1070.382934	1297.518851	1297.518851	1453.222824	1580.763764	1687.148952	1777.239048	1854.511619	1921.520408	1980.183004	2031.967313	2078.016079	2119.232187	2156.338466	2189.920434	2220.457431	2248.345640	2273.915369	2297.444200	2319.167104	2339.284312	2357.967514	2375.364760	2391.604403	2406.798261	2421.044200	2434.428247	2447.026323	2458.905685	2470.126132	2480.741007	2490.798046	2500.340096	2509.405727	2518.029749	2526.243663	2534.076044	2541.552870	2548.697816	2555.532499	2562.076698	2568.348548	2574.364703	2580.140488	2585.690025	2591.026354	2596.161529	2601.106715	2605.872262	2610.467786	2614.902225	2619.183904	2623.320582	2627.319502	2631.187433	2634.930708	2638.555256	2642.066639	2645.470074	2648.770464	2651.972420	2655.080280	2658.098131	2661.029829	2663.879010	2666.649111	2669.343378
-5108.120030	-3796.729260	-2708.690070	-1808.656657	-1066.194311	-455.206010	46.587387	458.117088	795.390041	1071.869725	1298.817307	1298.817307	1454.392175	1581.827361	1688.124337	1778.139734	1855.348232	1922.301459	1980.915413	2032.656785	2078.667368	2119.849301	2156.924812	2190.478935	2220.990612	2248.855697	2274.404224	2297.913546	2319.618437	2339.718965	2358.386675	2375.769496	2391.995673	2407.176933	2421.411060	2434.784009	2447.371639	2459.241151	2470.452295	2481.058368	2491.107068	2500.641206	2509.699320	2518.316191	2526.523295	2534.349181	2541.819808	2548.958829	2555.787845	2562.326618	2568.593267	2574.604434	2580.375429	2585.920365	2591.252269	2596.383186	2601.324272	2606.085868	2610.677581	2615.108343	2619.386472	2623.519720	2627.515324	2631.380048	2635.120219	2638.741762	2642.250233	2645.650846	2648.948500	2652.147800	2655.253083	2658.268432	2661.197699	2664.044518	2666.812322	2669.504355
-5101.504710	-3791.202211	-2704.065942	-1804.779431	-1062.933225	-452.451959	48.925019	460.113208	797.106271	1073.356516	1300.115763	1300.115763	1455.561525	1582.890958	1689.099723	1779.040419	1856.184845	1923.082510	1981.647823	2033.346257	2079.318657	2120.466415	2157.511159	2191.037437	2221.523793	2249.365753	2274.893079	2298.382891	2320.069771	2340.153618	2358.805836	2376.174232	2392.386944	2407.555605	2421.777920	2435.139771	2447.716955	2459.576617	2470.778457	2481.375729	2491.416090	2500.942316	2509.992913	2518.602633	2526.802926	2534.622318	2542.086745	2549.219842	2556.043190	2562.576537	2568.837986	2574.844164	2580.610371	2586.150705	2591.478184	2596.604844	2601.541828	2606.299473	2610.887376	2615.314462	2619.589040	2623.718857	2627.711146	2631.572663	2635.309730	2638.928267	2642.433827	2645.831618	2649.126535	2652.323181	2655.425887	2658.438734	2661.365570	2664.210026	2666.975533	2669.665331
-5094.889389	-3785.675162	-2699.441814	-1800.902205	-1059.672140	-449.697908	51.262652	462.109328	798.822502	1074.843307	1301.414219	1301.414219	1456.730876	1583.954555	1690.075108	1779.941104	1857.021458	1923.863561	1982.380233	2034.035728	2079.969946	2121.083529	2158.097505	2191.595938	2222.056974	2249.875810	2275.381934	2298.852237	2320.521104	2340.588271	2359.224997	2376.578968	2392.778214	2407.934277	2422.144780	2435.495533	2448.062271	2459.912083	2471.104619	2481.693090	2491.725111	2501.243426	2510.286505	2518.889075	2527.082557	2534.895454	2542.353682	2549.480855	2556.298536	2562.826457	2569.082705	2575.083895	2580.845312	2586.381045	2591.704099	2596.826501	2601.759385	2606.513079	2611.097171	2615.520580	2619.791607	2623.917995	2627.906968	2631.765278	2635.499241	2639.114773	2642.617421	2646.012390	2649.304571	2652.498561	2655.598690	2658.609035	2661.533440	2664.375534	2667.138744	2669.826308
-5088.274069	-3780.148113	-2694.817686	-1797.024979	-1056.411054	-446.943858	53.600284	464.105448	800.538732	1076.330097	1302.712675	1302.712675	1457.900226	1585.018152	1691.050493	1780.841789	1857.858071	1924.644612	1983.112642	2034.725200	2080.621235	2121.700643	2158.683851	2192.154439	2222.590155	2250.385866	2275.870789	2299.321582	2320.972437	2341.022923	2359.644158	2376.983704	2393.169485	2408.312949	2422.511639	2435.851296	2448.407587	2460.247549	2471.430782	2482.010450	2492.034133	2501.544535	2510.580098	2519.175517	2527.362188	2535.168591	2542.620619	2549.741868	2556.553882	2563.076376	2569.327424	2575.323626	2581.080254	2586.611385	2591.930015	2597.048158	2601.976942	2606.726684	2611.306966	2615.726698	2619.994175	2624.117133	2628.102790	2631.957892	2635.688752	2639.301278	2642.801015	2646.193162	2649.482606	2652.673942	2655.771494	2658.779336	2661.701310	2664.541042	2667.301955	2669.987285
-5081.658749	-3774.621064	-2690.193558	-1793.147753	-1053.149968	-444.189807	55.937916	466.101568	802.254962	1077.816888	1304.011131	1304.011131	1459.069577	1586.081750	1692.025879	1781.742475	1858.694684	1925.425663	1983.845052	2035.414671	2081.272525	2122.317757	2159.270198	2192.712940	2223.123335	2250.895923	2276.359644	2299.790928	2321.423771	2341.457576	2360.063320	2377.388440	2393.560755	2408.691621	2422.878499	2436.207058	2448.752903	2460.583015	2471.756944	2482.327811	2492.343155	2501.845645	2510.873691	2519.461959	2527.641820	2535.441728	2542.887557	2550.002881	2556.809228	2563.326296	2569.572143	2575.563356	2581.315195	2586.841725	2592.155930	2597.269816	2602.194499	2606.940290	2611.516761	2615.932816	2620.196743	2624.316271	2628.298612	2632.150507	2635.878263	2639.487784	2642.984609	2646.373934	2649.660641	2652.849322	2655.944297	2658.949637	2661.869180	2664.706549	2667.465165	2670.148262
-5075.043428	-3769.094015	-2685.569429	-1789.270527	-1049.888882	-441.435756	58.275548	468.097688	803.971193	1079.303679	1305.309587	1305.309587	1460.238928	1587.145347	1693.001264	1782.643160	1859.531297	1926.206715	1984.577462	2036.104143	2081.923814	2122.934871	2159.856544	2193.271441	2223.656516	2251.405980	2276.848499	2300.260273	2321.875104	2341.892229	2360.482481	2377.793176	2393.952025	2409.070293	2423.245359	2436.562820	2449.098219	2460.918481	2472.083106	2482.645172	2492.652177	2502.146755	2511.167284	2519.748401	2527.921451	2535.714865	2543.154494	2550.263893	2557.064573	2563.576215	2569.816862	2575.803087	2581.550137	2587.072065	2592.381845	2597.491473	2602.412056	2607.153895	2611.726556	2616.138934	2620.399311	2624.515408	2628.494434	2632.343122	2636.067773	2639.674290	2643.168203	2646.554706	2649.838677	2653.024703	2656.117101	2659.119938	2662.037051	2664.872057	2667.628376	2670.309239
-5068.428108	-3763.566966	-2680.945301	-1785.393301	-1046.627797	-438.681705	60.613180	470.093808	805.687423	1080.790470	1306.608043	1306.608043	1461.408278	1588.208944	1693.976650	1783.543845	1860.367909	1926.987766	1985.309871	2036.793614	2082.575103	2123.551985	2160.442891	2193.829943	2224.189697	2251.916036	2277.337354	2300.729619	2322.326438	2342.326882	2360.901642	2378.197912	2394.343296	2409.448965	2423.612219	2436.918582	2449.443535	2461.253947	2472.409269	2482.962533	2492.961199	2502.447865	2511.460877	2520.034843	2528.201082	2535.988002	2543.421431	2550.524906	2557.319919	2563.826135	2570.061581	2576.042817	2581.785078	2587.302405	2592.607760	2597.713130	2602.629613	2607.367500	2611.936351	2616.345052	2620.601878	2624.714546	2628.690256	2632.535737	2636.257284	2639.860795	2643.351797	2646.735478	2650.016712	2653.200083	2656.289904	2659.290239	2662.204921	2665.037565	2667.791587	2670.470216
-5061.812787	-3758.039917	-2676.321173	-1781.516075	-1043.366711	-435.927655	62.950812	472.089928	807.403654	1082.277261	1307.906499	1307.906499	1462.577629	1589.272541	1694.952035	1784.444530	1861.204522	1927.768817	1986.042281	2037.483086	2083.226392	2124.169099	2161.029237	2194.388444	2224.722878	2252.426093	2277.826209	2301.198964	2322.777771	2342.761535	2361.320803	2378.602647	2394.734566	2409.827637	2423.979078	2437.274344	2449.788851	2461.589413	2472.735431	2483.279894	2493.270220	2502.748975	2511.754469	2520.321285	2528.480713	2536.261139	2543.688369	2550.785919	2557.575265	2564.076054	2570.306300	2576.282548	2582.020020	2587.532745	2592.833676	2597.934788	2602.847170	2607.581106	2612.146146	2616.551170	2620.804446	2624.913684	2628.886078	2632.728351	2636.446795	2640.047301	2643.535391	2646.916250	2650.194748	2653.375463	2656.462708	2659.460541	2662.372791	2665.203073	2667.954798	2670.631193
-5055.197467	-3752.512868	-2671.697045	-1777.638849	-1040.105625	-433.173604	65.288445	474.086048	809.119884	1083.764052	1309.204955	1309.204955	1463.746979	1590.336138	1695.927421	1785.345215	1862.041135	1928.549868	1986.774691	2038.172558	2083.877682	2124.786213	2161.615584	2194.946945	2225.256058	2252.936150	2278.315064	2301.668310	2323.229105	2343.196187	2361.739964	2379.007383	2395.125837	2410.206309	2424.345938	2437.630106	2450.134167	2461.924880	2473.061594	2483.597254	2493.579242	2503.050084	2512.048062	2520.607727	2528.760345	2536.534276	2543.955306	2551.046932	2557.830611	2564.325974	2570.551019	2576.522279	2582.254961	2587.763085	2593.059591	2598.156445	2603.064727	2607.794711	2612.355941	2616.757288	2621.007014	2625.112822	2629.081900	2632.920966	2636.636306	2640.233806	2643.718985	2647.097022	2650.372783	2653.550844	2656.635511	2659.630842	2662.540662	2665.368581	2668.118009	2670.792170
-5048.582147	-3746.985819	-2667.072917	-1773.761623	-1036.844539	-430.419553	67.626077	476.082167	810.836114	1085.250842	1310.503411	1310.503411	1464.916330	1591.399735	1696.902806	1786.245901	1862.877748	1929.330919	1987.507101	2038.862029	2084.528971	2125.403327	2162.201930	2195.505446	2225.789239	2253.446206	2278.803919	2302.137655	2323.680438	2343.630840	2362.159126	2379.412119	2395.517107	2410.584982	2424.712798	2437.985868	2450.479483	2462.260346	2473.387756	2483.914615	2493.888264	2503.351194	2512.341655	2520.894169	2529.039976	2536.807412	2544.222243	2551.307945	2558.085956	2564.575893	2570.795739	2576.762009	2582.489903	2587.993425	2593.285506	2598.378102	2603.282284	2608.008317	2612.565736	2616.963406	2621.209582	2625.311959	2629.277722	2633.113581	2636.825817	2640.420312	2643.902579	2647.277794	2650.550819	2653.726224	2656.808315	2659.801143	2662.708532	2665.534089	2668.281220	2670.953147
-5041.966826	-3741.458770	-2662.448788	-1769.884398	-1033.583453	-427.665503	69.963709	478.078287	812.552345	1086.737633	1311.801867	1311.801867	1466.085680	1592.463332	1697.878192	1787.146586	1863.714361	1930.111970	1988.239510	2039.551501	2085.180260	2126.020441	2162.788277	2196.063948	2226.322420	2253.956263	2279.292773	2302.607001	2324.131771	2344.065493	2362.578287	2379.816855	2395.908378	2410.963654	2425.079658	2438.341630	2450.824800	2462.595812	2473.713918	2484.231976	2494.197286	2503.652304	2512.635248	2521.180611	2529.319607	2537.080549	2544.489180	2551.568958	2558.341302	2564.825813	2571.040458	2577.001740	2582.724844	2588.223765	2593.511421	2598.599759	2603.499840	2608.221922	2612.775531	2617.169524	2621.412150	2625.511097	2629.473544	2633.306196	2637.015328	2640.606818	2644.086173	2647.458566	2650.728854	2653.901605	2656.981118	2659.971444	2662.876402	2665.699596	2668.444431	2671.114124
-5035.351506	-3735.931721	-2657.824660	-1766.007172	-1030.322368	-424.911452	72.301341	480.074407	814.268575	1088.224424	1313.100323	1313.100323	1467.255031	1593.526929	1698.853577	1788.047271	1864.550974	1930.893021	1988.971920	2040.240972	2085.831549	2126.637555	2163.374623	2196.622449	2226.855601	2254.466320	2279.781628	2303.076346	2324.583105	2344.500146	2362.997448	2380.221591	2396.299648	2411.342326	2425.446517	2438.697392	2451.170116	2462.931278	2474.040081	2484.549337	2494.506307	2503.953414	2512.928841	2521.467053	2529.599239	2537.353686	2544.756118	2551.829971	2558.596648	2565.075732	2571.285177	2577.241471	2582.959786	2588.454105	2593.737337	2598.821417	2603.717397	2608.435528	2612.985325	2617.375642	2621.614717	2625.710235	2629.669366	2633.498811	2637.204839	2640.793323	2644.269767	2647.639338	2650.906889	2654.076985	2657.153921	2660.141745	2663.044272	2665.865104	2668.607642	2671.275101
-5028.736185	-3730.404672	-2653.200532	-1762.129946	-1027.061282	-422.157401	74.638973	482.070527	815.984806	1089.711215	1314.398779	1314.398779	1468.424381	1594.590527	1699.828963	1788.947956	1865.387587	1931.674072	1989.704330	2040.930444	2086.482838	2127.254669	2163.960970	2197.180950	2227.388781	2254.976376	2280.270483	2303.545692	2325.034438	2344.934799	2363.416609	2380.626327	2396.690918	2411.720998	2425.813377	2439.053154	2451.515432	2463.266744	2474.366243	2484.866698	2494.815329	2504.254523	2513.222433	2521.753495	2529.878870	2537.626823	2545.023055	2552.090984	2558.851994	2565.325652	2571.529896	2577.481201	2583.194727	2588.684445	2593.963252	2599.043074	2603.934954	2608.649133	2613.195120	2617.581760	2621.817285	2625.909373	2629.865188	2633.691425	2637.394350	2640.979829	2644.453361	2647.820110	2651.084925	2654.252366	2657.326725	2660.312046	2663.212143	2666.030612	2668.770853	2671.436078
-5022.120865	-3724.877623	-2648.576404	-1758.252720	-1023.800196	-419.403350	76.976606	484.066647	817.701036	1091.198006	1315.697235	1315.697235	1469.593732	1595.654124	1700.804348	1789.848642	1866.224200	1932.455123	1990.436739	2041.619916	2087.134128	2127.871783	2164.547316	2197.739451	2227.921962	2255.486433	2280.759338	2304.015037	2325.485772	2345.369451	2363.835770	2381.031063	2397.082189	2412.099670	2426.180237	2439.408916	2451.860748	2463.602210	2474.692405	2485.184058	2495.124351	2504.555633	2513.516026	2522.039937	2530.158501	2537.899960	2545.289992	2552.351997	2559.107340	2565.575571	2571.774615	2577.720932	2583.429669	2588.914785	2594.189167	2599.264731	2604.152511	2608.862738	2613.404915	2617.787878	2622.019853	2626.108510	2630.061010	2633.884040	2637.583861	2641.166334	2644.636955	2648.000882	2651.262960	2654.427746	2657.499528	2660.482348	2663.380013	2666.196120	2668.934064	2671.597055
-5015.505545	-3719.350574	-2643.952276	-1754.375494	-1020.539110	-416.649300	79.314238	486.062767	819.417267	1092.684797	1316.995691	1316.995691	1470.763083	1596.717721	1701.779734	1790.749327	1867.060813	1933.236175	1991.169149	2042.309387	2087.785417	2128.488896	2165.133662	2198.297952	2228.455143	2255.996490	2281.248193	2304.484383	2325.937105	2345.804104	2364.254932	2381.435799	2397.473459	2412.478342	2426.547097	2439.764678	2452.206064	2463.937676	2475.018568	2485.501419	2495.433373	2504.856743	2513.809619	2522.326379	2530.438132	2538.173097	2545.556930	2552.613010	2559.362685	2565.825491	2572.019334	2577.960662	2583.664610	2589.145125	2594.415082	2599.486389	2604.370068	2609.076344	2613.614710	2617.993996	2622.222421	2626.307648	2630.256832	2634.076655	2637.773372	2641.352840	2644.820549	2648.181654	2651.440996	2654.603127	2657.672332	2660.652649	2663.547883	2666.361628	2669.097275	2671.758031
-5008.890224	-3713.823525	-2639.328147	-1750.498268	-1017.278024	-413.895249	81.651870	488.058887	821.133497	1094.171588	1318.294147	1318.294147	1471.932433	1597.781318	1702.755119	1791.650012	1867.897426	1934.017226	1991.901559	2042.998859	2088.436706	2129.106010	2165.720009	2198.856454	2228.988324	2256.506546	2281.737048	2304.953728	2326.388439	2346.238757	2364.674093	2381.840535	2397.864730	2412.857014	2426.913956	2440.120440	2452.551380	2464.273142	2475.344730	2485.818780	2495.742395	2505.157853	2514.103212	2522.612821	2530.717764	2538.446234	2545.823867	2552.874022	2559.618031	2566.075410	2572.264053	2578.200393	2583.899552	2589.375465	2594.640998	2599.708046	2604.587625	2609.289949	2613.824505	2618.200114	2622.424988	2626.506786	2630.452653	2634.269270	2637.962883	2641.539345	2645.004143	2648.362426	2651.619031	2654.778507	2657.845135	2660.822950	2663.715754	2666.527136	2669.260486	2671.919008
-5002.274904	-3708.296476	-2634.704019	-1746.621042	-1014.016939	-411.141198	83.989502	490.055007	822.849727	1095.658378	1319.592603	1319.592603	1473.101784	1598.844915	1703.730504	1792.550697	1868.734039	1934.798277	1992.633969	2043.688330	2089.087995	2129.723124	2166.306355	2199.414955	2229.521505	2257.016603	2282.225903	2305.423073	2326.839772	2346.673410	2365.093254	2382.245270	2398.256000	2413.235686	2427.280816	2440.476202	2452.896696	2464.608608	2475.670893	2486.136141	2496.051416	2505.458963	2514.396805	2522.899263	2530.997395	2538.719371	2546.090804	2553.135035	2559.873377	2566.325330	2572.508772	2578.440124	2584.134493	2589.605805	2594.866913	2599.929703	2604.805182	2609.503555	2614.034300	2618.406232	2622.627556	2626.705924	2630.648475	2634.461885	2638.152394	2641.725851	2645.187737	2648.543198	2651.797066	2654.953887	2658.017939	2660.993251	2663.883624	2666.692643	2669.423697	2672.079985
-4995.659583	-3702.769427	-2630.079891	-1742.743816	-1010.755853	-408.387148	86.327134	492.051127	824.565958	1097.145169	1320.891059	1320.891059	1474.271134	1599.908512	1704.705890	1793.451383	1869.570652	1935.579328	1993.366378	2044.377802	2089.739284	2130.340238	2166.892702	2199.973456	2230.054685	2257.526659	2282.714758	2305.892419	2327.291105	2347.108063	2365.512415	2382.650006	2398.647271	2413.614358	2427.647676	2440.831965	2453.242012	2464.944074	2475.997055	2486.453502	2496.360438	2505.760072	2514.690398	2523.185705	2531.277026	2538.992507	2546.357741	2553.396048	2560.128723	2566.575249	2572.753491	2578.679854	2584.369435	2589.836145	2595.092828	2600.151360	2605.022739	2609.717160	2614.244095	2618.612350	2622.830124	2626.905061	2630.844297	2634.654499	2638.341905	2641.912357	2645.371331	2648.723970	2651.975102	2655.129268	2658.190742	2661.163552	2664.051494	2666.858151	2669.586908	2672.240962
-4989.044263	-3697.242378	-2625.455763	-1738.866590	-1007.494767	-405.633097	88.664766	494.047247	826.282188	1098.631960	1322.189515	1322.189515	1475.440485	1600.972109	1705.681275	1794.352068	1870.407265	1936.360379	1994.098788	2045.067273	2090.390574	2130.957352	2167.479048	2200.531957	2230.587866	2258.036716	2283.203613	2306.361764	2327.742439	2347.542715	2365.931576	2383.054742	2399.038541	2413.993030	2428.014536	2441.187727	2453.587328	2465.279540	2476.323217	2486.770862	2496.669460	2506.061182	2514.983990	2523.472147	2531.556657	2539.265644	2546.624679	2553.657061	2560.384068	2566.825169	2572.998210	2578.919585	2584.604376	2590.066485	2595.318743	2600.373018	2605.240295	2609.930765	2614.453890	2618.818468	2623.032692	2627.104199	2631.040119	2634.847114	2638.531416	2642.098862	2645.554926	2648.904742	2652.153137	2655.304648	2658.363546	2661.333853	2664.219364	2667.023659	2669.750119	2672.401939
