-74137.251812	-61302.484662	-50653.691059	-41844.936610	-34578.352503	-28598.523486	-23687.400462	-19659.701010	-16358.762869	-13652.817053	-11431.648933	-11431.648933	-9909.015675	-8661.789462	-7621.445907	-6740.452477	-5984.801973	-5329.521259	-4755.858189	-4249.458058	-3799.145969	-3396.092556	-3033.229281	-2704.830325	-2406.208224	-2133.488698	-1883.441640	-1653.352580	-1440.923737	-1244.197024	-1061.493506	-891.365371	-732.557478	-583.976344	-444.664923	-313.781976	-190.585065	-74.416466	35.308583	139.111724	237.459772	330.771734	419.424774	503.759315	584.083399	660.676454	733.792537	803.663151	870.499693	934.495592	995.828176	1054.660315	1111.141864	1165.410937	1217.595036	1267.812052	1316.171151	1362.773569	1407.713317	1451.077815	1492.948463	1533.401145	1572.506691	1610.331291	1646.936871	1682.381425	1716.719329	1750.001612	1782.276217	1813.588224	1843.980066	1873.491716	1902.160866	1930.023086	1957.111971	1983.459277
-72278.345923	-59749.383188	-49354.310439	-40755.435607	-33661.986974	-27824.634879	-23030.525516	-19098.791052	-15876.501899	-13235.028634	-11066.782629	-11066.782629	-9580.428016	-8362.918532	-7347.362466	-6487.359808	-5749.713625	-5110.045795	-4550.050967	-4055.716454	-3616.133615	-3222.683455	-2868.465852	-2547.891413	-2256.384358	-1990.162716	-1746.073343	-1521.466443	-1314.098984	-1122.059531	-943.709153	-777.634534	-622.610439	-477.569436	-341.577284	-213.812787	-93.551198	19.849539	126.960251	228.290153	324.294935	415.383622	501.924393	584.249557	662.659820	737.427949	808.801949	877.007808	942.251886	1004.723003	1064.594261	1122.024651	1177.160456	1230.136500	1281.077248	1330.097781	1377.304664	1422.796720	1466.665722	1508.997007	1549.870034	1589.358880	1627.532687	1664.456070	1700.189475	1734.789519	1768.309278	1800.798570	1832.304191	1862.870151	1892.537869	1921.346367	1949.332439	1976.530806	2002.974265	2028.693814
-70419.440035	-58196.281714	-48054.929820	-39665.934604	-32745.621445	-27050.746271	-22373.650570	-18537.881095	-15394.240930	-12817.240216	-10701.916325	-10701.916325	-9251.840358	-8064.047601	-7073.279025	-6234.267140	-5514.625277	-4890.570331	-4344.243745	-3861.974850	-3433.121261	-3049.274354	-2703.702422	-2390.952500	-2106.560491	-1846.836734	-1608.705046	-1389.580306	-1187.274230	-999.922038	-825.924800	-663.903697	-512.663399	-371.162528	-238.489645	-113.843599	3.482670	114.115544	218.611920	317.468581	411.130098	499.995511	584.424012	664.739800	741.236240	814.179444	883.811362	950.352466	1014.004079	1074.950413	1133.360346	1189.388986	1243.179048	1294.862063	1344.559460	1392.383509	1438.438176	1482.819871	1525.618127	1566.916199	1606.791605	1645.316615	1682.558684	1718.580848	1753.442080	1787.197612	1819.899228	1851.595527	1882.332166	1912.152078	1941.095672	1969.201018	1996.504011	2023.038527	2048.836559	2073.928350
-68560.534146	-56643.180239	-46755.549201	-38576.433600	-31829.255916	-26276.857664	-21716.775625	-17976.971137	-14911.979961	-12399.451797	-10337.050021	-10337.050021	-8923.252700	-7765.176671	-6799.195584	-5981.174471	-5279.536929	-4671.094868	-4138.436523	-3668.233246	-3250.108907	-2875.865252	-2538.938993	-2234.013588	-1956.736625	-1703.510752	-1471.336748	-1257.694169	-1060.449476	-877.784544	-708.140448	-550.172861	-402.716359	-264.755620	-135.402007	-13.874410	100.516538	208.381549	310.263588	406.647009	497.965261	584.607399	666.923630	745.230042	819.812661	890.930939	958.820775	1023.697124	1085.756273	1145.177824	1202.126431	1256.753322	1309.197640	1359.587626	1408.041671	1454.669237	1499.571688	1542.843022	1584.570533	1624.835391	1663.713176	1701.274350	1737.584681	1772.705626	1806.694684	1839.605705	1871.489178	1902.392485	1932.360141	1961.434005	1989.653475	2017.055669	2043.675584	2069.546247	2094.698852	2119.162886
-66701.628257	-55090.078765	-45456.168582	-37486.932597	-30912.890387	-25502.969057	-21059.900679	-17416.061179	-14429.718992	-11981.663379	-9972.183717	-9972.183717	-8594.665042	-7466.305741	-6525.112143	-5728.081803	-5044.448581	-4451.619404	-3932.629301	-3474.491641	-3067.096552	-2702.456151	-2374.175564	-2077.074676	-1806.912758	-1560.184770	-1333.968451	-1125.808031	-933.624723	-755.647051	-590.356095	-436.442024	-292.769320	-158.348712	-32.314368	86.094778	197.550405	302.647554	401.915256	495.825438	584.800424	669.219287	749.423249	825.720285	898.389081	967.682434	1033.830187	1097.041781	1157.508466	1215.405235	1270.892517	1324.117658	1375.216232	1424.313190	1471.523883	1516.954966	1560.705200	1602.866174	1643.522938	1682.754582	1720.634748	1757.232086	1792.610677	1826.830404	1859.947288	1892.013799	1923.079128	1953.189443	1982.388116	2010.715932	2038.211279	2064.910321	2090.847157	2116.053968	2140.561146	2164.397422
-64842.722368	-53536.977291	-44156.787963	-36397.431593	-29996.524858	-24729.080449	-20403.025733	-16855.151221	-13947.458023	-11563.874960	-9607.317413	-9607.317413	-8266.077384	-7167.434810	-6251.028702	-5474.989135	-4809.360233	-4232.143940	-3726.822079	-3280.750037	-2884.084198	-2529.047049	-2209.412135	-1920.135763	-1657.088892	-1416.858788	-1196.600153	-993.921894	-806.799969	-633.509558	-472.571742	-322.711187	-182.822280	-51.941804	70.773271	186.063967	294.584273	396.913559	493.566925	585.003866	671.635587	753.831176	831.922867	906.210527	976.965502	1044.433929	1108.839600	1170.386439	1229.260659	1285.632646	1339.658602	1391.481993	1441.234823	1489.038753	1535.006095	1579.240694	1621.838712	1662.889325	1702.475343	1740.673774	1777.556319	1813.189821	1847.636674	1880.955182	1913.199893	1944.421892	1974.669078	2003.986400	2032.416091	2059.997859	2086.769082	2112.764972	2138.018730	2162.561688	2186.423440	2209.631958
-62983.816480	-51983.875817	-42857.407344	-35307.930590	-29080.159330	-23955.191842	-19746.150788	-16294.241263	-13465.197053	-11146.086542	-9242.451109	-9242.451109	-7937.489726	-6868.563880	-5976.945261	-5221.896466	-4574.271885	-4012.668477	-3521.014857	-3087.008433	-2701.071844	-2355.637948	-2044.648706	-1763.196851	-1507.265025	-1273.532806	-1059.231856	-862.035757	-679.975215	-511.372065	-354.787389	-208.980350	-72.875240	54.465104	173.860910	286.033155	391.618140	491.179565	585.218593	674.182295	758.470749	838.443064	914.422486	986.700770	1055.541922	1121.185424	1183.849013	1243.731097	1301.012853	1355.860057	1408.424687	1458.846329	1507.253415	1553.764316	1598.488306	1641.526422	1682.972225	1722.912476	1761.427749	1798.592966	1834.477890	1869.147556	1902.662671	1935.079960	1966.452497	1996.829986	2026.259027	2054.783358	2082.444065	2109.279786	2135.326885	2160.619623	2185.190302	2209.069408	2232.285734	2254.866495
-61124.910591	-50430.774343	-41558.026725	-34218.429587	-28163.793801	-23181.303234	-19089.275842	-15733.331305	-12982.936084	-10728.298123	-8877.584805	-8877.584805	-7608.902068	-6569.692950	-5702.861819	-4968.803798	-4339.183537	-3793.193013	-3315.207635	-2893.266829	-2518.059490	-2182.228846	-1879.885277	-1606.257939	-1357.441159	-1130.206824	-921.863559	-730.149620	-553.150462	-389.234572	-237.003036	-95.249513	37.071799	160.872012	276.948548	386.002343	488.652008	585.445570	676.870261	763.360723	845.305912	923.054953	996.922105	1067.191012	1134.118343	1197.936919	1258.858425	1317.075754	1372.765046	1426.087467	1477.190772	1526.210665	1573.272007	1618.489880	1661.970518	1703.812151	1744.105737	1782.935627	1820.380154	1856.512158	1891.399461	1925.105292	1957.688667	1989.204738	2019.705101	2049.238079	2077.848977	2105.580316	2132.472040	2158.561713	2183.884688	2208.474274	2232.361875	2255.577129	2278.148028	2300.101031
-59266.004702	-48877.672869	-40258.646105	-33128.928583	-27247.428272	-22407.414627	-18432.400896	-15172.421347	-12500.675115	-10310.509705	-8512.718501	-8512.718501	-7280.314410	-6270.822019	-5428.778378	-4715.711129	-4104.095189	-3573.717549	-3109.400413	-2699.525225	-2335.047136	-2008.819745	-1715.121848	-1449.319026	-1207.617292	-986.880842	-784.495261	-598.263483	-426.325708	-267.097079	-119.218683	18.481323	147.018839	267.278920	380.036187	485.971532	585.685876	679.711575	768.521930	852.539151	932.141075	1007.666841	1079.421723	1147.681255	1212.694763	1274.688414	1333.867838	1390.420412	1444.517239	1496.314878	1545.956857	1593.575000	1639.290599	1683.215443	1725.452730	1766.097879	1805.239249	1842.958778	1879.332559	1914.431350	1948.321032	1981.063027	2012.714664	2043.329517	2072.957706	2101.646172	2129.438927	2156.377273	2182.500015	2207.843640	2232.442492	2256.328925	2279.533448	2302.084849	2324.010321	2345.335567
-57407.098814	-47324.571395	-38959.265486	-32039.427580	-26331.062743	-21633.526019	-17775.525950	-14611.511389	-12018.414146	-9892.721286	-8147.852197	-8147.852197	-6951.726751	-5971.951089	-5154.694937	-4462.618461	-3869.006841	-3354.242086	-2903.593191	-2505.783621	-2152.034781	-1835.410644	-1550.358419	-1292.380114	-1057.793426	-843.554860	-647.126964	-466.377346	-299.500954	-144.959585	-1.434331	132.212160	256.965879	373.685828	483.123826	585.940720	682.719743	773.977580	860.173598	941.717580	1018.976238	1092.278729	1161.921342	1228.171497	1291.271184	1351.439909	1408.877251	1463.765070	1516.269432	1566.542289	1614.722942	1660.939336	1705.309191	1747.941006	1788.934941	1828.383607	1866.372761	1902.981929	1938.284965	1972.350542	2005.242603	2037.020762	2067.740661	2097.454295	2126.210310	2154.054266	2181.028877	2207.174231	2232.527990	2257.125567	2281.000295	2304.183576	2326.705021	2348.592570	2369.872615	2390.570103
-55548.192925	-45771.469921	-37659.884867	-30949.926576	-25414.697214	-20859.637412	-17118.651005	-14050.601431	-11536.153176	-9474.932868	-7782.985893	-7782.985893	-6623.139093	-5673.080159	-4880.611496	-4209.525792	-3633.918493	-3134.766622	-2697.785969	-2312.042017	-1969.022427	-1662.001542	-1385.594990	-1135.441202	-907.969559	-700.228879	-509.758667	-334.491209	-172.676200	-22.822092	116.350022	245.942997	366.912918	480.092736	586.211464	685.909909	779.753611	868.243585	951.825266	1030.896008	1105.811401	1176.890618	1244.420960	1308.661740	1369.847604	1428.191404	1483.886663	1537.109727	1588.021626	1636.769700	1683.489027	1728.303671	1771.327783	1812.666569	1852.417153	1890.669336	1927.506273	1963.005081	1997.237370	2030.269733	2062.164175	2092.978498	2122.766657	2151.579073	2179.462914	2206.462359	2232.618827	2257.971189	2282.555964	2306.407494	2329.558098	2352.038228	2373.876593	2395.100290	2415.734909	2435.804639
-53689.287036	-44218.368447	-36360.504248	-29860.425573	-24498.331685	-20085.748804	-16461.776059	-13489.691473	-11053.892207	-9057.144449	-7418.119589	-7418.119589	-6294.551435	-5374.209229	-4606.528055	-3956.433124	-3398.830145	-2915.291158	-2491.978747	-2118.300413	-1786.010073	-1488.592441	-1220.831561	-978.502289	-758.145693	-556.902897	-372.390369	-202.605072	-45.851447	99.315401	234.134375	359.673834	476.859958	586.499643	689.299103	785.879097	876.787479	962.509590	1043.476935	1120.074436	1192.646564	1261.502506	1326.920579	1389.151982	1448.424025	1504.942899	1558.896076	1610.454385	1659.773819	1706.997111	1752.255112	1795.668007	1837.346375	1877.392133	1915.899365	1952.955064	1988.639785	2023.028232	2056.189775	2088.188925	2119.085746	2148.936233	2177.792654	2205.703851	2232.715519	2258.870453	2284.208776	2308.768147	2332.583939	2355.689421	2378.115901	2399.892879	2421.048166	2441.608011	2461.597203	2481.039175
-51830.381147	-42665.266973	-35061.123629	-28770.924570	-23581.966156	-19311.860197	-15804.901113	-12928.781515	-10571.631238	-8639.356031	-7053.253285	-7053.253285	-5965.963777	-5075.338298	-4332.444614	-3703.340456	-3163.741797	-2695.815695	-2286.171525	-1924.558808	-1602.997719	-1315.183339	-1056.068132	-821.563377	-608.321826	-413.576915	-235.022072	-70.718934	80.973307	221.452894	351.918728	473.404670	586.806998	692.906551	792.386742	885.848286	973.821346	1056.775596	1135.128603	1209.252865	1279.481727	1346.114395	1409.420198	1469.642225	1527.000445	1581.694394	1633.905488	1683.799043	1731.526012	1777.224521	1821.021197	1863.032343	1903.364967	1942.117696	1979.381576	2015.240792	2049.773298	2083.051383	2115.142181	2146.108117	2176.007317	2204.893968	2232.818651	2259.828629	2285.968123	2311.278546	2335.798726	2359.565104	2382.611914	2404.971347	2426.673705	2447.747530	2468.219739	2488.115731	2507.459497	2526.273712
-49971.475259	-41112.165499	-33761.743010	-27681.423566	-22665.600627	-18537.971589	-15148.026168	-12367.871558	-10089.370269	-8221.567612	-6688.386981	-6688.386981	-5637.376119	-4776.467368	-4058.361172	-3450.247787	-2928.653449	-2476.340231	-2080.364303	-1730.817204	-1419.985365	-1141.774238	-891.304703	-664.624464	-458.497960	-270.250933	-97.653774	61.167203	207.798061	343.590387	469.703081	587.135507	696.754038	799.313459	895.474380	985.817474	1070.855214	1151.041601	1226.780271	1298.431293	1366.316889	1430.726283	1491.919816	1550.132467	1605.576866	1658.445889	1708.914901	1757.143700	1803.278206	1847.451932	1889.787282	1930.396678	1969.383559	2006.843259	2042.863788	2077.526521	2110.906810	2143.074534	2174.094586	2204.027309	2232.928888	2260.851704	2287.844647	2313.953407	2339.220727	2363.686639	2387.388676	2410.362062	2432.639889	2454.253274	2475.231508	2495.602181	2515.391312	2534.623451	2553.321790	2571.508248
-48112.569370	-39559.064024	-32462.362391	-26591.922563	-21749.235098	-17764.082982	-14491.151222	-11806.961600	-9607.109299	-7803.779194	-6323.520677	-6323.520677	-5308.788461	-4477.596438	-3784.277731	-3197.155119	-2693.565101	-2256.864767	-1874.557081	-1537.075600	-1236.973010	-968.365136	-726.541274	-507.685552	-308.674093	-126.924951	39.714523	193.053340	334.622814	465.727880	587.487434	700.866344	806.701077	905.720367	998.562019	1085.786663	1167.889082	1245.307606	1318.431940	1387.609722	1453.152052	1515.338172	1574.419435	1630.622710	1684.153286	1735.197383	1783.924314	1830.488358	1875.030399	1917.679343	1958.553367	1997.761014	2035.402151	2071.568822	2106.346000	2139.812249	2172.040322	2203.097685	2233.046991	2261.946501	2289.850459	2316.809439	2342.870644	2368.078185	2392.473332	2416.094733	2438.978626	2461.159020	2482.667864	2503.535201	2523.789311	2543.456832	2562.562884	2581.131172	2599.184084	2616.742784
-46253.663481	-38005.962550	-31162.981771	-25502.421560	-20832.869569	-16990.194375	-13834.276276	-11246.051642	-9124.848330	-7385.990775	-5958.654373	-5958.654373	-4980.200803	-4178.725507	-3510.194290	-2944.062450	-2458.476753	-2037.389304	-1668.749859	-1343.333996	-1053.960656	-794.956035	-561.777844	-350.746640	-158.850227	16.401031	177.082820	324.939477	461.447568	587.865374	705.271787	814.597181	916.648117	1012.127275	1101.649658	1185.755851	1264.922949	1339.573611	1410.083608	1476.788150	1539.987215	1599.950060	1656.919053	1711.112952	1762.729707	1811.948878	1858.933726	1903.833016	1946.782592	1987.906754	2027.319452	2065.125350	2101.420743	2136.294386	2169.828211	2202.097977	2233.173834	2263.120836	2291.999397	2319.865693	2346.772030	2372.767174	2397.896641	2422.202963	2445.725936	2468.502826	2490.568576	2511.955977	2532.695838	2552.817128	2572.347114	2591.311484	2609.734457	2627.638892	2645.046378	2661.977320
-44394.757592	-36452.861076	-29863.601152	-24412.920556	-19916.504040	-16216.305767	-13177.401330	-10685.141684	-8642.587361	-6968.202357	-5593.788069	-5593.788069	-4651.613145	-3879.854577	-3236.110849	-2690.969782	-2223.388405	-1817.913840	-1462.942637	-1149.592392	-870.948302	-621.546933	-397.014415	-193.807727	-9.026360	159.727013	314.451118	456.825614	588.272322	710.002867	823.056139	928.328018	1026.595157	1118.534183	1204.737297	1285.725039	1361.956817	1433.839616	1501.735276	1565.966578	1626.822378	1684.561948	1739.418672	1791.603195	1841.306127	1888.700373	1933.943139	1977.177674	2018.534785	2058.134164	2096.085538	2132.489685	2167.439335	2201.019949	2233.310423	2264.383706	2294.307346	2323.143988	2350.951802	2377.784884	2403.693601	2428.724910	2452.922637	2476.327742	2498.978540	2520.910920	2542.158525	2562.752935	2582.723813	2602.099055	2620.904917	2639.166135	2656.906030	2674.146613	2690.908672	2707.211856
-42535.851704	-34899.759602	-28564.220533	-23323.419553	-19000.138511	-15442.417160	-12520.526385	-10124.231726	-8160.326392	-6550.413938	-5228.921765	-5228.921765	-4323.025486	-3580.983647	-2962.027408	-2437.877114	-1988.300057	-1598.438376	-1257.135415	-955.850788	-687.935948	-448.137832	-232.250986	-36.868815	140.797506	303.052995	451.819415	588.711751	715.097075	832.140360	940.840492	1042.058854	1136.542196	1224.941091	1307.824935	1385.694228	1458.990684	1528.105621	1593.386944	1655.145007	1713.657541	1769.173837	1821.918291	1872.093437	1919.882548	1965.451868	2008.952552	2050.522331	2090.286979	2128.361575	2164.851623	2199.854021	2233.457927	2265.745512	2296.792635	2326.669434	2355.440858	2383.167139	2409.904208	2435.704076	2460.615173	2484.682645	2507.948634	2530.452520	2552.231145	2573.319013	2593.748475	2613.549893	2632.751788	2651.380982	2669.462721	2687.020786	2704.077603	2720.654333	2736.770965	2752.446393
-40676.945815	-33346.658128	-27264.839914	-22233.918549	-18083.772982	-14668.528552	-11863.651439	-9563.321768	-7678.065422	-6132.625520	-4864.055461	-4864.055461	-3994.437828	-3282.112716	-2687.943967	-2184.784445	-1753.211709	-1378.962913	-1051.328193	-762.109184	-504.923594	-274.728731	-67.487557	120.070097	290.621373	446.378977	589.187713	720.597888	841.921829	954.277853	1058.624845	1155.789691	1246.489236	1331.347999	1410.912574	1485.663416	1556.024552	1622.371626	1685.038613	1744.323435	1800.492704	1853.785725	1904.417909	1952.583679	1998.458968	2042.203363	2083.961964	2123.866989	2162.039172	2198.588986	2233.617708	2267.218357	2299.476519	2330.471075	2360.274847	2388.955162	2416.574371	2443.190290	2468.856613	2493.623268	2517.536744	2540.640380	2562.974631	2584.577298	2605.483749	2625.727106	2645.338425	2664.346850	2682.779763	2700.662909	2718.020524	2734.875437	2751.249175	2767.162054	2782.633259	2797.680929
-38818.039926	-31793.556654	-25965.459295	-21144.417546	-17167.407453	-13894.639945	-11206.776493	-9002.411810	-7195.804453	-5714.837101	-4499.189157	-4499.189157	-3665.850170	-2983.241786	-2413.860526	-1931.691777	-1518.123361	-1159.487449	-845.520971	-568.367579	-321.911239	-101.319629	97.275872	277.009010	440.445239	589.704959	726.556010	852.484025	968.746583	1076.415346	1176.409198	1269.520528	1356.436276	1437.754907	1514.000213	1585.632605	1653.058420	1716.637632	1776.690281	1833.501863	1887.327867	1938.397614	1986.917528	2033.073922	2077.035389	2118.954858	2158.971377	2197.211647	2233.791365	2268.816397	2302.383793	2334.582692	2365.495111	2395.196639	2423.757058	2451.240891	2477.707883	2503.213441	2527.809018	2551.542460	2574.458315	2596.598115	2618.000627	2638.702076	2658.736353	2678.135200	2696.928375	2715.143808	2732.807737	2749.944836	2766.578327	2782.730088	2798.420748	2813.669774	2828.495553	2842.915465
-36959.134037	-30240.455180	-24666.078676	-20054.916543	-16251.041924	-13120.751337	-10549.901547	-8441.501852	-6713.543484	-5297.048683	-4134.322853	-4134.322853	-3337.262512	-2684.370856	-2139.777084	-1678.599108	-1283.035013	-940.011985	-639.713749	-374.625975	-138.898885	72.089472	262.039301	433.947922	590.269106	733.030941	863.924307	984.370163	1095.571336	1198.552839	1294.193551	1383.251365	1466.383315	1544.161815	1617.087851	1685.601793	1750.092287	1810.903637	1868.341949	1922.680292	1974.163029	2023.009502	2069.417147	2113.564164	2155.611809	2195.706353	2233.980790	2270.556304	2305.543559	2339.043808	2371.149878	2401.947028	2431.513703	2459.922202	2487.239270	2513.526619	2538.841395	2563.236592	2586.761424	2609.461652	2631.379886	2652.555851	2673.026624	2692.826854	2711.988957	2730.543293	2748.518325	2765.940766	2782.835712	2799.226763	2815.136130	2830.584739	2845.592321	2860.177494	2874.357847	2888.150001
-35100.228149	-28687.353706	-23366.698057	-18965.415539	-15334.676395	-12346.862730	-9893.026602	-7880.591894	-6231.282515	-4879.260264	-3769.456549	-3769.456549	-3008.674854	-2385.499925	-1865.693643	-1425.506440	-1047.946665	-720.536522	-433.906527	-180.884371	44.113469	245.498574	426.802730	590.886834	740.092972	876.356923	1001.292605	1116.256300	1222.396090	1320.690332	1411.977904	1496.982202	1576.330355	1650.568723	1720.175490	1785.570982	1847.126155	1905.169642	1959.993618	2011.858720	2060.998192	2107.621391	2151.916765	2194.054407	2234.188229	2272.457848	2308.990202	2343.900962	2377.295752	2409.271218	2439.915963	2469.311363	2497.532295	2524.647765	2550.721482	2575.812347	2599.974907	2623.259743	2645.713829	2667.380843	2688.301457	2708.513586	2728.052620	2746.951632	2765.241562	2782.951386	2800.108274	2816.737723	2832.863687	2848.508690	2863.693934	2878.439391	2892.763894	2906.685215	2920.220141	2933.384537
-33241.322260	-27134.252232	-22067.317437	-17875.914536	-14418.310866	-11572.974122	-9236.151656	-7319.681936	-5749.021545	-4461.471846	-3404.590245	-3404.590245	-2680.087196	-2086.628995	-1591.610202	-1172.413772	-812.858317	-501.061058	-228.099305	12.857233	227.125823	418.907675	591.566159	747.825747	889.916839	1019.682905	1138.660902	1248.142437	1349.220844	1442.827826	1529.762256	1610.713038	1686.277395	1756.975631	1823.263129	1885.540170	1944.160023	1999.435647	2051.645286	2101.037149	2147.833355	2192.233279	2234.416384	2274.544649	2312.764650	2349.209343	2383.999615	2417.245620	2449.047945	2479.498629	2508.682048	2536.675699	2563.550887	2589.373328	2614.203693	2638.098076	2661.108419	2683.282895	2704.666234	2725.300035	2745.223028	2764.471321	2783.078617	2801.076410	2818.494166	2835.359480	2851.698224	2867.534681	2882.891662	2897.790617	2912.251737	2926.294042	2939.935466	2953.192935	2966.082434	2978.619074
-31382.416371	-25581.150758	-20767.936818	-16786.413532	-13501.945337	-10799.085515	-8579.276710	-6758.771978	-5266.760576	-4043.683427	-3039.723941	-3039.723941	-2351.499538	-1787.758065	-1317.526761	-919.321103	-577.769969	-281.585594	-22.292083	206.598837	410.138177	592.316777	756.329588	904.764659	1039.740705	1163.008887	1276.029200	1380.028574	1476.045597	1564.965319	1647.546609	1724.443875	1796.224434	1863.382539	1926.350767	1985.509358	2041.193890	2093.701652	2143.296954	2190.215577	2234.668518	2276.845167	2316.916002	2355.034892	2391.341070	2425.960838	2459.009027	2490.590277	2520.800139	2549.726040	2577.448133	2604.040035	2629.569478	2654.098892	2677.685905	2700.383804	2722.241932	2743.306046	2763.618640	2783.219227	2802.144600	2820.429057	2838.104614	2855.201189	2871.746770	2887.767573	2903.288174	2918.331639	2932.919637	2947.072544	2960.809540	2974.148693	2987.107039	2999.700656	3011.944728	3023.853610
-29523.510482	-24028.049283	-19468.556199	-15696.912529	-12585.579808	-10025.196907	-7922.401765	-6197.862021	-4784.499607	-3625.895009	-2674.857637	-2674.857637	-2022.911880	-1488.887134	-1043.443320	-666.228435	-342.681621	-62.110131	183.515139	400.340441	593.150531	765.725878	921.093017	1061.703571	1189.564572	1306.334869	1413.397497	1511.914711	1602.870351	1687.102812	1765.330962	1838.174712	1906.171474	1969.789446	2029.438406	2085.478547	2138.227758	2187.967657	2234.948623	2279.394005	2321.503681	2361.457056	2399.415621	2435.525134	2469.917491	2502.712333	2534.018440	2563.934935	2592.552332	2619.953451	2646.214218	2671.404370	2695.588070	2718.824455	2741.168117	2762.669532	2783.375444	2803.329197	2822.571045	2841.138419	2859.066171	2876.386792	2893.130610	2909.325967	2924.999375	2940.175667	2954.878124	2969.128596	2982.947611	2996.354471	3009.367343	3022.003344	3034.278612	3046.208376	3057.807022	3069.088146
-27664.604594	-22474.947809	-18169.175580	-14607.411526	-11669.214279	-9251.308300	-7265.526819	-5636.952063	-4302.238638	-3208.106590	-2309.991333	-2309.991333	-1694.324221	-1190.016204	-769.359879	-413.135766	-107.593273	157.365333	389.322361	594.082045	776.162886	939.134980	1085.856446	1218.642484	1339.388438	1449.660851	1550.765794	1643.800848	1729.695105	1809.240305	1883.115315	1951.905549	2016.118514	2076.196354	2132.526045	2185.447735	2235.261625	2282.233663	2326.600291	2368.572434	2408.338844	2446.068944	2481.915240	2516.015377	2548.493911	2579.463828	2609.027853	2637.279593	2664.304525	2690.180861	2714.980303	2738.768706	2761.606662	2783.550018	2804.650328	2824.955261	2844.508956	2863.352348	2881.523450	2899.057611	2915.987742	2932.344527	2948.156607	2963.450745	2978.251979	2992.583760	3006.468074	3019.925554	3032.975586	3045.636398	3057.925147	3069.857995	3081.450184	3092.716097	3103.669316	3114.322682
-25805.698705	-20921.846335	-16869.794961	-13517.910522	-10752.848750	-8477.419693	-6608.651873	-5076.042105	-3819.977669	-2790.318172	-1945.125029	-1945.125029	-1365.736563	-891.145274	-495.276438	-160.043098	127.495075	376.840797	595.129583	787.823650	959.175240	1112.544081	1250.619875	1375.581396	1489.212305	1592.986833	1688.134092	1775.686985	1856.519859	1931.377798	2000.899668	2065.636385	2126.065554	2182.603262	2235.613684	2285.416924	2332.295493	2376.499668	2418.251959	2457.750862	2495.174007	2530.680833	2564.414858	2596.505619	2627.070332	2656.215323	2684.037265	2710.624250	2736.056718	2760.408272	2783.746388	2806.133042	2827.625254	2848.275581	2868.132540	2887.240989	2905.642468	2923.375499	2940.475856	2956.976803	2972.909313	2988.302263	3003.182604	3017.575523	3031.504583	3044.991853	3058.058024	3070.722512	3083.003561	3094.918325	3106.482950	3117.712646	3128.621757	3139.223817	3149.531610	3159.557218
-23946.792816	-19368.744861	-15570.414342	-12428.409519	-9836.483221	-7703.531085	-5951.776927	-4515.132147	-3337.716699	-2372.529753	-1580.258725	-1580.258725	-1037.148905	-592.274343	-221.192996	93.049570	362.583423	596.316260	800.936805	981.565254	1142.187594	1285.953182	1415.383304	1532.520308	1639.036171	1736.312815	1825.502389	1907.573122	1983.344612	2053.515291	2118.684021	2179.367222	2236.012593	2289.010170	2338.701322	2385.386112	2429.329361	2470.765673	2509.903628	2546.929290	2582.009170	2615.292721	2646.914477	2676.995862	2705.646752	2732.966818	2759.046678	2783.968908	2807.808912	2830.635683	2852.512474	2873.497377	2893.643846	2913.001145	2931.614752	2949.526717	2966.775980	2983.398651	2999.428261	3014.895994	3029.830884	3044.259998	3058.208600	3071.700301	3084.757188	3097.399947	3109.647973	3121.519470	3133.031536	3144.200252	3155.040753	3165.567298	3175.793330	3185.731537	3195.393903	3204.791754
-22087.886927	-17815.643387	-14271.033723	-11338.908516	-8920.117692	-6929.642478	-5294.901982	-3954.222189	-2855.455730	-1954.741335	-1215.392421	-1215.392421	-708.561247	-293.403413	52.890445	346.142239	597.671771	815.791724	1006.744027	1175.306858	1325.199948	1459.362284	1580.146734	1689.459221	1788.860038	1879.638797	1962.870686	2039.459260	2110.169366	2175.652785	2236.468374	2293.098059	2345.959633	2395.417078	2441.788961	2485.355301	2526.363228	2565.031678	2601.555296	2636.107719	2668.844332	2699.904609	2729.414095	2757.486104	2784.223173	2809.718313	2834.056091	2857.313566	2879.561105	2900.863094	2921.278559	2940.861713	2959.662438	2977.726708	2995.096963	3011.812446	3027.909492	3043.421802	3058.380666	3072.815186	3086.752455	3100.217733	3113.234597	3125.825079	3138.009792	3149.808040	3161.237923	3172.316427	3183.059510	3193.482179	3203.598556	3213.421949	3222.964903	3232.239258	3241.256197	3250.026291
-20228.981039	-16262.541913	-12971.653103	-10249.407512	-8003.752163	-6155.753870	-4638.027036	-3393.312231	-2373.194761	-1536.952916	-850.526117	-850.526117	-379.973589	5.467517	326.973886	599.234907	832.760119	1035.267187	1212.551249	1369.048462	1508.212302	1632.771385	1744.910163	1846.398133	1938.683904	2022.964778	2100.238984	2171.345397	2236.994120	2297.790278	2354.252726	2406.828896	2455.906673	2501.823986	2544.876600	2585.324489	2623.397096	2659.297683	2693.206964	2725.286147	2755.679495	2784.516498	2811.913714	2837.976347	2862.799593	2886.469808	2909.065503	2930.658223	2951.313298	2971.090505	2990.044644	3008.226049	3025.681030	3042.452271	3058.579175	3074.098174	3089.043005	3103.444953	3117.333072	3130.734378	3143.674026	3156.175469	3168.260594	3179.949857	3191.262396	3202.216134	3212.827873	3223.113385	3233.087485	3242.764106	3252.156359	3261.276600	3270.136475	3278.746978	3287.118491	3295.260827
-18370.075150	-14709.440439	-11672.272484	-9159.906509	-7087.386634	-5381.865263	-3981.152090	-2832.402273	-1890.933792	-1119.164498	-485.659813	-485.659813	-51.385931	304.338448	601.057327	852.327576	1067.848467	1254.742651	1418.358471	1562.790066	1691.224657	1806.180487	1909.673592	2003.337045	2088.507770	2166.290760	2237.607281	2303.231534	2363.818873	2419.927771	2472.037079	2520.559733	2565.853712	2608.230894	2647.964238	2685.293678	2720.430964	2753.563688	2784.858633	2814.464576	2842.514658	2869.128386	2894.413333	2918.466589	2941.376014	2963.221303	2984.074916	3004.002881	3023.065492	3041.317915	3058.810729	3075.590384	3091.699622	3107.177834	3122.061387	3136.383902	3150.176517	3163.468104	3176.285477	3188.653570	3200.595598	3212.133204	3223.286590	3234.074636	3244.515001	3254.624227	3264.417823	3273.910343	3283.115460	3292.046033	3300.714163	3309.131251	3317.308048	3325.254699	3332.980785	3340.495363
-16511.169261	-13156.338965	-10372.891865	-8070.405505	-6171.021105	-4607.976655	-3324.277145	-2271.492315	-1408.672822	-701.376079	-120.793509	-120.793509	277.201727	603.209378	875.140768	1105.420244	1302.936816	1474.218115	1624.165693	1756.531670	1874.237011	1979.589588	2074.437021	2160.275958	2238.331637	2309.616742	2374.975579	2435.117671	2490.643627	2542.065264	2589.821432	2634.290569	2675.800752	2714.637802	2751.051877	2785.262866	2817.464831	2847.829693	2876.510301	2903.643004	2929.349821	2953.740275	2976.912951	2998.956832	3019.952434	3039.972798	3059.084328	3077.347539	3094.817685	3111.545326	3127.576814	3142.954720	3157.718214	3171.903398	3185.543598	3198.669631	3211.310029	3223.491255	3235.237883	3246.572762	3257.517169	3268.090939	3278.312587	3288.199414	3297.767605	3307.032320	3316.007773	3324.707300	3333.143435	3341.327960	3349.271966	3356.985902	3364.479621	3371.762419	3378.843078	3385.729899
-14652.263372	-11603.237491	-9073.511246	-6980.904502	-5254.655576	-3834.088048	-2667.402199	-1710.582357	-926.411853	-283.587661	244.072795	244.072795	605.789385	902.080308	1149.224209	1358.512913	1538.025164	1693.693578	1829.972915	1950.273274	2057.249365	2152.998690	2239.200450	2317.214870	2388.155503	2452.942724	2512.343876	2567.003808	2617.468381	2664.202757	2707.605785	2748.021406	2785.747792	2821.044710	2854.139516	2885.232054	2914.498699	2942.095699	2968.161969	2992.821432	3016.184984	3038.352163	3059.412570	3079.447074	3098.528855	3116.724293	3134.093741	3150.692196	3166.569878	3181.772737	3196.342899	3210.319055	3223.736806	3236.628961	3249.025810	3260.955359	3272.443541	3283.514406	3294.190288	3304.491953	3314.438740	3324.048675	3333.338584	3342.324192	3351.020209	3359.440414	3367.597722	3375.504258	3383.171410	3390.609887	3397.829769	3404.840554	3411.651194	3418.270140	3424.705372	3430.964435
-12793.357484	-10050.136017	-7774.130627	-5891.403499	-4338.290047	-3060.199440	-2010.527253	-1149.672399	-444.150884	134.200758	608.939099	608.939099	934.377044	1200.951239	1423.307651	1611.605581	1773.113512	1913.169042	2035.780137	2144.014879	2240.261719	2326.407791	2403.963879	2474.153782	2537.979370	2596.268706	2649.712173	2698.889945	2744.293134	2786.340250	2825.390138	2861.752243	2895.694831	2927.451618	2957.227155	2985.201243	3011.532567	3036.361704	3059.813638	3081.999861	3103.020147	3122.964052	3141.912188	3159.937317	3177.105275	3193.475787	3209.103154	3224.036854	3238.322071	3252.000148	3265.108984	3277.683391	3289.755398	3301.354524	3312.508022	3323.241087	3333.577053	3343.537558	3353.142693	3362.411145	3371.360311	3380.006410	3388.364580	3396.448970	3404.272814	3411.848507	3419.187672	3426.301216	3433.199384	3439.891814	3446.387572	3452.695205	3458.822766	3464.777860	3470.567666	3476.198972
-10934.451595	-8497.034543	-6474.750008	-4801.902495	-3421.924518	-2286.310833	-1353.652307	-588.762441	38.110085	551.989176	973.805403	973.805403	1262.964702	1499.822169	1697.391092	1864.698249	2008.201860	2132.644506	2241.587359	2337.756483	2423.274073	2499.816893	2568.727308	2631.092695	2687.803236	2739.594688	2787.080471	2830.776082	2871.117888	2908.477744	2943.174491	2975.483080	3005.641871	3033.858526	3060.314793	3085.170431	3108.566434	3130.627709	3151.465306	3171.178289	3189.855310	3207.575940	3224.411807	3240.427559	3255.681696	3270.227282	3284.112566	3297.381512	3310.074265	3322.227558	3333.875069	3345.047727	3355.773990	3366.080088	3375.990233	3385.526816	3394.710566	3403.560709	3412.095099	3420.330337	3428.281882	3435.964145	3443.390577	3450.573748	3457.525418	3464.256601	3470.777622	3477.098173	3483.227359	3489.173740	3494.945376	3500.549856	3505.994339	3511.285580	3516.429960	3521.433508
-9075.545706	-6943.933068	-5175.369389	-3712.401492	-2505.558989	-1512.422226	-696.777362	-27.852484	520.371055	969.777595	1338.671707	1338.671707	1591.552360	1798.693099	1971.474533	2117.790918	2243.290208	2352.119969	2447.394581	2531.498087	2606.286428	2673.225994	2733.490737	2788.031607	2837.627103	2882.920670	2924.448768	2962.662219	2997.942642	3030.615237	3060.958843	3089.213916	3115.588911	3140.265434	3163.402432	3185.139620	3205.600302	3224.893714	3243.116974	3260.356717	3276.690472	3292.187828	3306.911426	3320.917801	3334.258116	3346.978777	3359.121979	3370.726170	3381.826458	3392.454969	3402.641154	3412.412062	3421.792582	3430.805651	3439.472445	3447.812544	3455.844078	3463.583860	3471.047504	3478.249529	3485.203453	3491.921881	3498.416574	3504.698526	3510.778022	3516.664694	3522.367572	3527.895131	3533.255334	3538.455667	3543.503179	3548.404507	3553.165912	3557.793301	3562.292254	3566.668044
-7216.639817	-5390.831594	-3875.988770	-2622.900488	-1589.193460	-738.533618	-39.902416	533.057474	1002.632024	1387.566013	1703.538011	1703.538011	1920.140018	2097.564030	2245.557974	2370.883586	2478.378556	2571.595433	2653.201803	2725.239691	2789.298782	2846.635095	2898.254166	2944.970519	2987.450969	3026.246652	3061.817066	3094.548357	3124.767395	3152.752730	3178.743196	3202.944753	3225.535950	3246.672342	3266.490071	3285.108808	3302.634169	3319.159719	3334.768643	3349.535146	3363.525635	3376.799717	3389.411044	3401.408044	3412.834537	3423.730272	3434.131392	3444.070827	3453.578651	3462.682380	3471.407239	3479.776398	3487.811174	3495.531214	3502.954657	3510.098272	3516.977590	3523.607011	3529.999909	3536.168721	3542.125025	3547.879616	3553.442570	3558.823304	3564.030627	3569.072787	3573.957522	3578.692089	3583.283309	3587.737594	3592.060982	3596.259158	3600.337485	3604.301021	3608.154547	3611.902580
-5357.733929	-3837.730120	-2576.608150	-1533.399485	-672.827931	35.354989	616.972530	1093.967432	1484.892993	1805.354432	2068.404315	2068.404315	2248.727676	2396.434960	2519.641415	2623.976255	2713.466904	2791.070897	2859.009025	2918.981295	2972.311136	3020.044197	3063.017595	3101.909432	3137.274836	3169.572634	3199.185363	3226.434494	3251.592149	3274.890223	3296.527549	3316.675590	3335.482990	3353.079249	3369.577709	3385.077997	3399.668037	3413.425724	3426.420311	3438.713574	3450.360798	3461.411605	3471.910663	3481.898286	3491.410957	3500.481767	3509.140804	3517.415485	3525.330845	3532.909791	3540.173324	3547.140734	3553.829766	3560.256777	3566.436868	3572.384000	3578.111102	3583.630162	3588.952315	3594.087913	3599.046596	3603.837351	3608.468567	3612.948083	3617.283231	3621.480881	3625.547471	3629.489046	3633.311283	3637.019521	3640.618785	3644.113809	3647.509057	3650.808742	3654.016841	3657.137116
-3498.828040	-2284.628646	-1277.227531	-443.898482	243.537598	809.243597	1273.847475	1654.877390	1967.153962	2223.142850	2433.270619	2433.270619	2577.315334	2695.305890	2793.724856	2877.068923	2948.555252	3010.546360	3064.816247	3112.722899	3155.323490	3193.453298	3227.781024	3258.848344	3287.098702	3312.898616	3336.553660	3358.320631	3378.416903	3397.027716	3414.311902	3430.406427	3445.430030	3459.486157	3472.665348	3485.047185	3496.701905	3507.691730	3518.071979	3527.892003	3537.195961	3546.023494	3554.410281	3562.388529	3569.987378	3577.233262	3584.150217	3590.760143	3597.083038	3603.137202	3608.939409	3614.505069	3619.848358	3624.982341	3629.919080	3634.669729	3639.244614	3643.653313	3647.904720	3652.007104	3655.968167	3659.795086	3663.494564	3667.072861	3670.535835	3673.888974	3677.137421	3680.286004	3683.339258	3686.301448	3689.176589	3691.968461	3694.680630	3697.316462	3699.879135	3702.371653
-1639.922151	-731.527172	22.153088	645.602522	1159.903127	1583.132204	1930.722421	2215.787348	2449.414932	2640.931269	2798.136923	2798.136923	2905.902992	2994.176820	3067.808297	3130.161591	3183.643600	3230.021824	3270.623469	3306.464503	3338.335844	3366.862400	3392.544453	3415.787256	3436.922569	3456.224598	3473.921958	3490.206768	3505.241656	3519.165209	3532.096255	3544.137264	3555.377070	3565.893065	3575.752987	3585.016373	3593.735772	3601.957735	3609.723648	3617.070431	3624.031124	3630.635382	3636.909900	3642.878771	3648.563798	3653.984757	3659.159630	3664.104800	3668.835231	3673.364612	3677.705495	3681.869405	3685.866950	3689.707904	3693.401292	3696.955457	3700.378126	3703.676465	3706.857125	3709.926296	3712.889738	3715.752822	3718.520560	3721.197639	3723.788440	3726.297068	3728.727371	3731.082962	3733.367233	3735.583375	3737.734392	3739.823112	3741.852203	3743.824183	3745.741429	3747.606189
218.983738	821.574302	1321.533707	1735.103525	2076.268656	2357.020812	2587.597367	2776.697306	2931.675901	3058.719687	3163.003227	3163.003227	3234.490650	3293.047751	3341.891739	3383.254260	3418.731948	3449.497288	3476.430691	3500.206107	3521.348199	3540.271501	3557.307882	3572.726169	3586.746435	3599.550580	3611.290255	3622.092905	3632.066410	3641.302702	3649.880608	3657.868100	3665.324109	3672.299973	3678.840625	3684.985562	3690.769640	3696.223740	3701.375316	3706.248859	3710.866287	3715.247271	3719.409519	3723.369014	3727.140219	3730.736252	3734.169042	3737.449458	3740.587424	3743.592023	3746.471580	3749.233741	3751.885542	3754.433467	3756.883503	3759.241185	3761.511639	3763.699616	3765.809531	3767.845488	3769.811309	3771.710557	3773.546557	3775.322417	3777.041044	3778.705161	3780.317321	3781.879919	3783.395208	3784.865302	3786.292195	3787.677763	3789.023776	3790.331903	3791.603723	3792.840725
2077.889626	2374.675776	2620.914326	2824.604528	2992.634185	3130.909419	3244.472313	3337.607264	3413.936870	3476.508106	3527.869531	3527.869531	3563.078309	3591.918681	3615.975180	3636.346928	3653.820296	3668.972751	3682.237912	3693.947712	3704.360553	3713.680603	3722.071312	3729.665081	3736.570302	3742.876562	3748.658552	3753.979042	3758.891164	3763.440196	3767.664961	3771.598937	3775.271149	3778.706881	3781.928264	3784.954750	3787.803508	3790.489745	3793.026984	3795.427288	3797.701450	3799.859159	3801.909137	3803.859256	3805.716639	3807.487747	3809.178455	3810.794116	3812.339618	3813.819434	3815.237665	3816.598076	3817.904133	3819.159030	3820.365715	3821.526914	3822.645151	3823.722767	3824.761936	3825.764680	3826.732880	3827.668292	3828.572554	3829.447195	3830.293648	3831.113254	3831.907271	3832.676877	3833.423182	3834.147229	3834.849998	3835.532414	3836.195348	3836.839623	3837.466016	3838.075261
3936.795515	3927.777250	3920.294945	3914.105532	3908.999714	3904.798027	3901.347258	3898.517222	3896.197839	3894.296524	3892.735835	3892.735835	3891.665967	3890.789611	3890.058621	3889.439597	3888.908644	3888.448215	3888.045134	3887.689316	3887.372907	3887.089704	3886.834741	3886.603993	3886.394168	3886.202544	3886.026850	3885.865179	3885.715918	3885.577689	3885.449313	3885.329774	3885.218189	3885.113789	3885.015903	3884.923939	3884.837375	3884.755750	3884.678653	3884.605716	3884.536612	3884.471047	3884.408756	3884.349499	3884.293060	3884.239242	3884.187867	3884.138773	3884.091811	3884.046845	3884.003750	3883.962412	3883.922725	3883.884594	3883.847927	3883.812642	3883.778663	3883.745918	3883.714341	3883.683872	3883.654452	3883.626028	3883.598550	3883.571973	3883.546253	3883.521348	3883.497220	3883.473835	3883.451157	3883.429156	3883.407801	3883.387065	3883.366921	3883.347344	3883.328310	3883.309797
5795.701404	5480.878724	5219.675564	5003.606535	4825.365243	4678.686634	4558.222204	4459.427180	4378.458808	4312.084943	4257.602139	4257.602139	4220.253625	4189.660542	4164.142062	4142.532265	4123.996992	4107.923679	4093.852356	4081.430920	4070.385261	4060.498806	4051.598170	4043.542906	4036.218035	4029.528526	4023.395147	4017.751316	4012.540671	4007.715182	4003.233666	3999.060611	3995.165228	3991.520697	3988.103542	3984.893127	3981.871243	3979.021755	3976.330321	3973.784144	3971.371775	3969.082936	3966.908374	3964.839741	3962.869480	3960.990737	3959.197280	3957.483431	3955.844004	3954.274256	3952.769835	3951.326747	3949.941317	3948.610157	3947.330138	3946.098370	3944.912175	3943.769069	3942.666747	3941.603063	3940.576023	3939.583763	3938.624547	3937.696751	3936.798857	3935.929441	3935.087170	3934.270792	3933.479132	3932.711083	3931.965605	3931.241716	3930.538494	3929.855064	3929.190604	3928.544333
7654.607293	7033.980198	6519.056184	6093.107539	5741.730772	5452.575242	5215.097150	5020.337138	4860.719778	4729.873361	4622.468443	4622.468443	4548.841283	4488.531472	4438.225503	4395.624933	4359.085340	4327.399142	4299.659578	4275.172524	4253.397615	4233.907907	4216.361599	4200.481818	4186.041901	4172.854508	4160.763445	4149.637454	4139.365425	4129.852675	4121.018019	4112.791448	4105.112268	4097.927605	4091.191180	4084.862316	4078.905111	4073.287760	4067.981989	4062.962573	4058.206938	4053.694824	4049.407993	4045.329984	4041.445901	4037.742232	4034.206693	4030.828089	4027.596198	4024.501666	4021.535920	4018.691083	4015.959909	4013.335720	4010.812350	4008.384099	4006.045687	4003.792220	4001.619152	3999.522255	3997.497594	3995.541498	3993.650544	3991.821530	3990.051461	3988.337534	3986.677120	3985.067750	3983.507107	3981.993010	3980.523408	3979.096368	3977.710067	3976.362785	3975.052898	3973.778870
9513.513181	8587.081673	7818.436803	7182.608542	6658.096301	6226.463849	5871.972095	5581.247095	5342.980747	5147.661780	4987.334747	4987.334747	4877.428941	4787.402402	4712.308944	4648.717602	4594.173688	4546.874606	4505.466800	4468.914128	4436.409969	4407.317008	4381.125028	4357.420730	4335.865768	4316.180490	4298.131742	4281.523591	4266.190179	4251.990168	4238.802372	4226.522284	4215.059308	4204.334513	4194.278819	4184.831504	4175.938978	4167.553766	4159.633658	4152.141001	4145.042101	4138.306713	4131.907612	4125.820226	4120.022321	4114.493727	4109.216105	4104.172746	4099.348391	4094.729077	4090.302005	4086.055419	4081.978501	4078.061283	4074.294562	4070.669827	4067.179199	4063.815372	4060.571557	4057.441447	4054.419165	4051.499234	4048.676540	4045.946308	4043.304066	4040.745628	4038.267070	4035.864708	4033.535082	4031.274937	4029.081211	4026.951019	4024.881639	4022.870505	4020.915191	4019.013406
11372.419070	10140.183147	9117.817422	8272.109545	7574.461830	7000.352456	6528.847041	6142.157053	5825.241716	5565.450198	5352.201051	5352.201051	5206.016599	5086.273333	4986.392385	4901.810270	4829.262036	4766.350070	4711.274022	4662.655732	4619.422324	4580.726110	4545.888457	4514.359643	4485.689634	4459.506472	4435.500039	4413.409728	4393.014932	4374.127661	4356.586725	4340.253121	4325.006347	4310.741421	4297.366458	4284.800693	4272.972846	4261.819771	4251.285326	4241.319430	4231.877264	4222.918601	4214.407230	4206.310469	4198.598742	4191.245222	4184.225518	4177.517404	4171.100584	4164.956488	4159.068090	4153.419754	4147.997093	4142.786847	4137.776774	4132.955555	4128.312712	4123.838523	4119.523963	4115.360639	4111.340736	4107.456969	4103.702537	4100.071086	4096.556670	4093.153721	4089.857020	4086.661666	4083.563056	4080.556864	4077.639014	4074.805670	4072.053212	4069.378226	4066.777485	4064.247942
13231.324959	11693.284621	10417.198041	9361.610549	8490.827359	7774.241064	7185.721987	6703.067011	6307.502685	5983.238617	5717.067355	5717.067355	5534.604257	5385.144263	5260.475827	5154.902939	5064.350384	4985.825533	4917.081244	4856.397336	4802.434678	4754.135211	4710.651886	4671.298555	4635.513501	4602.832454	4572.868337	4545.295865	4519.839686	4496.265155	4474.371078	4453.983958	4434.953387	4417.148329	4400.454096	4384.769881	4370.006713	4356.085776	4342.936994	4330.497858	4318.712427	4307.530489	4296.906849	4286.800711	4277.175162	4267.996717	4259.234931	4250.862062	4242.852778	4235.183899	4227.834175	4220.784090	4214.015685	4207.512410	4201.258985	4195.241284	4189.446224	4183.861674	4178.476368	4173.279831	4168.262307	4163.414704	4158.728534	4154.195864	4149.809274	4145.561815	4141.446969	4137.458623	4133.591031	4129.838791	4126.196818	4122.660321	4119.224785	4115.885946	4112.639779	4109.482478
15090.230848	13246.386095	11716.578660	10451.111552	9407.192888	8548.129671	7842.596933	7263.976969	6789.763655	6401.027035	6081.933659	6081.933659	5863.191915	5684.015193	5534.559268	5407.995607	5299.438732	5205.300997	5122.888466	5050.138941	4985.447032	4927.544313	4875.415315	4828.237467	4785.337367	4746.158435	4710.236634	4677.182002	4646.664440	4618.402648	4592.155430	4567.714795	4544.900427	4523.555237	4503.541735	4484.739069	4467.040581	4450.351781	4434.588663	4419.676286	4405.547590	4392.142378	4379.406468	4367.290954	4355.751582	4344.748212	4334.244343	4324.206719	4314.604971	4305.411309	4296.600260	4288.148426	4280.034277	4272.237973	4264.741197	4257.527012	4250.579736	4243.884825	4237.428774	4231.199023	4225.183878	4219.372440	4213.754530	4208.320642	4203.061879	4197.969908	4193.036919	4188.255581	4183.619006	4179.120718	4174.754621	4170.514972	4166.396358	4162.393666	4158.502073	4154.717014
16949.136736	14799.487569	13015.959279	11540.612556	10323.558417	9322.018279	8499.471878	7824.886927	7272.024624	6818.815454	6446.799963	6446.799963	6191.779574	5982.886124	5808.642709	5661.088275	5534.527080	5424.776461	5328.695688	5243.880545	5168.459386	5100.953414	5040.178744	4985.176380	4935.161234	4889.484417	4847.604932	4809.068139	4773.489193	4740.540141	4709.939783	4681.445631	4654.847467	4629.962145	4606.629374	4584.708258	4564.074449	4544.617786	4526.240331	4508.854715	4492.382752	4476.754266	4461.906086	4447.781196	4434.328003	4421.499707	4409.253756	4397.551377	4386.357164	4375.638720	4365.366345	4355.512761	4346.052869	4336.963536	4328.223409	4319.812740	4311.713248	4303.907976	4296.381179	4289.118214	4282.105450	4275.330175	4268.780527	4262.445420	4256.314483	4250.378001	4244.626869	4239.052539	4233.646981	4228.402645	4223.312424	4218.369624	4213.567930	4208.901387	4204.364367	4199.951551
18808.042625	16352.589043	14315.339898	12630.113559	11239.923946	10095.906886	9156.346824	8385.796885	7754.285593	7236.603872	6811.666267	6811.666267	6520.367232	6281.757054	6082.726150	5914.180944	5769.615428	5644.251924	5534.502910	5437.622149	5351.471740	5274.362516	5204.942173	5142.115292	5084.985100	5032.810399	4984.973229	4940.954276	4900.313947	4862.677634	4827.724136	4795.176468	4764.794506	4736.369052	4709.717012	4684.677446	4661.108316	4638.883791	4617.891999	4598.033143	4579.217915	4561.366155	4544.405705	4528.271439	4512.904423	4498.251202	4484.263169	4470.896035	4458.109357	4445.866131	4434.132431	4422.877097	4412.071461	4401.689100	4391.705620	4382.098469	4372.846760	4363.931127	4355.333584	4347.037406	4339.027021	4331.287910	4323.806524	4316.570198	4309.567087	4302.786095	4296.216819	4289.849496	4283.674955	4277.684572	4271.870227	4266.224275	4260.739503	4255.409107	4250.226660	4245.186087
20666.948514	17905.690517	15614.720518	13719.614562	12156.289475	10869.795494	9813.221770	8946.706843	8236.546562	7654.392291	7176.532571	7176.532571	6848.954890	6580.627984	6356.809591	6167.273612	6004.703776	5863.727388	5740.310132	5631.363753	5534.484095	5447.771617	5369.705602	5299.054204	5234.808967	5176.136381	5122.341526	5072.840413	5027.138701	4984.815127	4945.508489	4908.907305	4874.741546	4842.775960	4812.804651	4784.646635	4758.142184	4733.149797	4709.543668	4687.211571	4666.053078	4645.978043	4626.905323	4608.761681	4591.480844	4575.002696	4559.272581	4544.240692	4529.861551	4516.093542	4502.898516	4490.241433	4478.090053	4466.414663	4455.187832	4444.384197	4433.980273	4423.954279	4414.285990	4404.956598	4395.948592	4387.245646	4378.832520	4370.694976	4362.819691	4355.194188	4347.806769	4340.646454	4333.702930	4326.966499	4320.428031	4314.078926	4307.911076	4301.916828	4296.088954	4290.420623
22525.854403	19458.791991	16914.101137	14809.115566	13072.655004	11643.684101	10470.096716	9507.616801	8718.807532	8072.180709	7541.398875	7541.398875	7177.542548	6879.498915	6630.893032	6420.366281	6239.792124	6083.202852	5946.117354	5825.105357	5717.496449	5621.180718	5534.469031	5455.993117	5384.632833	5319.462363	5259.709824	5204.726551	5153.963454	5106.952620	5063.292842	5022.638142	4984.688586	4949.182868	4915.892290	4884.615823	4855.176052	4827.415802	4801.195336	4776.390000	4752.888241	4730.589932	4709.404942	4689.251923	4670.057264	4651.754191	4634.281994	4617.585350	4601.613744	4586.320953	4571.664601	4557.605768	4544.108645	4531.140226	4518.670044	4506.669925	4495.113785	4483.977430	4473.238395	4462.875790	4452.870163	4443.203381	4433.858517	4424.819755	4416.072296	4407.602282	4399.396718	4391.443412	4383.730905	4376.248426	4368.985834	4361.933577	4355.082649	4348.424548	4341.951248	4335.655159
24384.760291	21011.893465	18213.481756	15898.616569	13989.020533	12417.572709	11126.971661	10068.526759	9201.068501	8489.969128	7906.265179	7906.265179	7506.130206	7178.369845	6904.976474	6673.458949	6474.880472	6302.678315	6151.924576	6018.846961	5900.508803	5794.589820	5699.232460	5612.932029	5534.456700	5462.788345	5397.078121	5336.612688	5280.788208	5229.090114	5181.077195	5136.368979	5094.635625	5055.589776	5018.979929	4984.585012	4952.209919	4921.681807	4892.847004	4865.568428	4839.723404	4815.201820	4791.904561	4769.742166	4748.633685	4728.505686	4709.291406	4690.930008	4673.365937	4656.548363	4640.430686	4624.970104	4610.127237	4595.865789	4582.152255	4568.955654	4556.247297	4544.000581	4532.190800	4520.794982	4509.791734	4499.161116	4488.884514	4478.944533	4469.324900	4460.010375	4450.986668	4442.240369	4433.758880	4425.530353	4417.543637	4409.788228	4402.254221	4394.932269	4387.813542	4380.889695
26243.666180	22564.994939	19512.862375	16988.117572	14905.386062	13191.461316	11783.846607	10629.436717	9683.329470	8907.757546	8271.131483	8271.131483	7834.717864	7477.240775	7179.059915	6926.551618	6709.968820	6522.153779	6357.731798	6212.588565	6083.521157	5967.998921	5863.995890	5769.870941	5684.280566	5606.114327	5534.446418	5468.498825	5407.612962	5351.227607	5298.861548	5250.099815	5204.582665	5161.996684	5122.067567	5084.554200	5049.243787	5015.947812	4984.498672	4954.746857	4926.558567	4899.813708	4874.404179	4850.232408	4827.210105	4805.257181	4784.300819	4764.274666	4745.118131	4726.775774	4709.196771	4692.334439	4676.145829	4660.591353	4645.634467	4631.241382	4617.380809	4604.023732	4591.143206	4578.714173	4566.713305	4555.118851	4543.910510	4533.069311	4522.577504	4512.418468	4502.576618	4493.037327	4483.786855	4474.812280	4466.101440	4457.642879	4449.425794	4441.439989	4433.675835	4426.124232
28102.572069	24118.096413	20812.242994	18077.618576	15821.751591	13965.349924	12440.721553	11190.346675	10165.590439	9325.545965	8635.997787	8635.997787	8163.305522	7776.111706	7453.143356	7179.644286	6945.057168	6741.629243	6563.539020	6406.330170	6266.533511	6141.408023	6028.759319	5926.809854	5834.104433	5749.440309	5671.814716	5600.384962	5534.437715	5473.365100	5416.645900	5363.830652	5314.529705	5268.403592	5225.155206	5184.523388	5146.277655	5110.213817	5076.150341	5043.925285	5013.393730	4984.425597	4956.903798	4930.722651	4905.786526	4882.008676	4859.310232	4837.619323	4816.870324	4797.003185	4777.962856	4759.698775	4742.164421	4725.316916	4709.116679	4693.527110	4678.514321	4664.046883	4650.095611	4636.633365	4623.634877	4611.076587	4598.936507	4587.194089	4575.830109	4564.826562	4554.166568	4543.834285	4533.814829	4524.094206	4514.659243	4505.497531	4496.597367	4487.947709	4479.538129	4471.358768
29961.477958	25671.197888	22111.623613	19167.119579	16738.117120	14739.238531	13097.596498	11751.256632	10647.851409	9743.334383	9000.864091	9000.864091	8491.893180	8074.982636	7727.226797	7432.736954	7180.145516	6961.104706	6769.346242	6600.071774	6449.545866	6314.817124	6193.522748	6083.748766	5983.928299	5892.766291	5809.183013	5732.271099	5661.262469	5595.502593	5534.430253	5477.561489	5424.476744	5374.810500	5328.242845	5284.492577	5243.311522	5204.479822	5167.802009	5133.103713	5100.228892	5069.037485	5039.403416	5011.212893	4984.362946	4958.760171	4934.319644	4910.963981	4888.622517	4867.230596	4846.728941	4827.063111	4808.183013	4790.042479	4772.598890	4755.812839	4739.647833	4724.070034	4709.048016	4694.552557	4680.556448	4667.034322	4653.962504	4641.318867	4629.082713	4617.234655	4605.756518	4594.631242	4583.842804	4573.376133	4563.217047	4553.352182	4543.768939	4534.455430	4525.400423	4516.593304
31820.383846	27224.299362	23411.004232	20256.620583	17654.482649	15513.127138	13754.471444	12312.166590	11130.112378	10161.122802	9365.730395	9365.730395	8820.480839	8373.853566	8001.310238	7685.829623	7415.233864	7180.580170	6975.153464	6793.813378	6632.558220	6488.226226	6358.286177	6240.687678	6133.752166	6036.092273	5946.551311	5864.157236	5788.087223	5717.640086	5652.214606	5591.292326	5534.423784	5481.217408	5431.330483	5384.461765	5340.345390	5298.745828	5259.453677	5222.282142	5187.064055	5153.649374	5121.903035	5091.703136	5062.939367	5035.511666	5009.329057	4984.308639	4960.374710	4937.458006	4915.495026	4894.427446	4874.201605	4854.768043	4836.081102	4818.098567	4800.781346	4784.093186	4768.000422	4752.471749	4737.478019	4722.992057	4708.988500	4695.443645	4682.335317	4669.642749	4657.346467	4645.428200	4633.870779	4622.658060	4611.774850	4601.206833	4590.940512	4580.963150	4571.262717	4561.827840
33679.289735	28777.400836	24710.384852	21346.121586	18570.848178	16287.015746	14411.346390	12873.076548	11612.373347	10578.911220	9730.596699	9730.596699	9149.068497	8672.724497	8275.393679	7938.922291	7650.322212	7400.055634	7180.960686	6987.554982	6815.570574	6661.635327	6523.049606	6397.626591	6283.576032	6179.418255	6083.919608	5996.043373	5914.911977	5839.777579	5769.998959	5705.023163	5644.370824	5587.624316	5534.418122	5484.430954	5437.379257	5393.011833	5351.105346	5311.460570	5273.899218	5238.261262	5204.402654	5172.193378	5141.515787	5112.263161	5084.338470	5057.653296	5032.126904	5007.685417	4984.261111	4961.791782	4940.220197	4919.493606	4899.563314	4880.384295	4861.914858	4844.116337	4826.952827	4810.390941	4794.399590	4778.949793	4764.014497	4749.568423	4735.587922	4722.050842	4708.936417	4696.225158	4683.898754	4671.939987	4660.332653	4649.061484	4638.112085	4627.470871	4617.125011	4607.062376
35538.195624	30330.502310	26009.765471	22435.622589	19487.213707	17060.904353	15068.221336	13433.986506	12094.634316	10996.699639	10095.463003	10095.463003	9477.656155	8971.595427	8549.477120	8192.014960	7885.410560	7619.531097	7386.767908	7181.296586	6998.582928	6835.044429	6687.813035	6554.565503	6433.399899	6322.744237	6221.287905	6127.929510	6041.736730	5961.915073	5887.783312	5818.753999	5754.317863	5694.031224	5637.505761	5584.400142	5534.413125	5487.277838	5442.757014	5400.638998	5360.734381	5322.873151	5286.902272	5252.683621	5220.092208	5189.014656	5159.347882	5130.997954	5103.879097	5077.912828	5053.027196	5029.156118	5006.238788	4984.219169	4963.045525	4942.670024	4923.048370	4904.139488	4885.905232	4868.310133	4851.321161	4834.907528	4819.040494	4803.693202	4788.840526	4774.458935	4760.526367	4747.022115	4733.926728	4721.221914	4708.890456	4696.916135	4685.283658	4673.978591	4662.987304	4652.296913
37397.101512	31883.603784	27309.146090	23525.123593	20403.579236	17834.792961	15725.096281	13994.896464	12576.895286	11414.488057	10460.329307	10460.329307	9806.243813	9270.466357	8823.560562	8445.107628	8120.498908	7839.006561	7592.575130	7375.038190	7181.595282	7008.453530	6852.576464	6711.504415	6583.223765	6466.070219	6358.656203	6259.815648	6168.561484	6084.052566	6005.567665	5932.484836	5864.264903	5800.438132	5740.593399	5684.369331	5631.446993	5581.543843	5534.408682	5489.817427	5447.569544	5407.485039	5369.401891	5333.173863	5298.668628	5265.766151	5234.357295	5204.342612	5175.631290	5148.140239	5121.793281	5096.520453	5072.257380	5048.944732	5026.527737	5004.955752	4984.181882	4964.162639	4944.857638	4926.229324	4908.242732	4890.865263	4874.066490	4857.817980	4842.093130	4826.867029	4812.116317	4797.819073	4783.954703	4770.503841	4757.448260	4744.770786	4732.455230	4720.486312	4708.849598	4697.531449
39256.007401	33436.705258	28608.526709	24614.624596	21319.944765	18608.681568	16381.971227	14555.806422	13059.156255	11832.276476	10825.195611	10825.195611	10134.831471	9569.337288	9097.644003	8698.200296	8355.587256	8058.482025	7798.382352	7568.779794	7364.607637	7181.862631	7017.339893	6868.443328	6733.047632	6609.396201	6496.024500	6391.701785	6295.386238	6206.190059	6123.352017	6046.215673	5974.211943	5906.845040	5843.681038	5784.338519	5728.480860	5675.809848	5626.060351	5578.995855	5534.404707	5492.096927	5451.901509	5413.664106	5377.245049	5342.517646	5309.366707	5277.687269	5247.383484	5218.367650	5190.559366	5163.884789	5138.275972	5113.670296	5090.009949	5067.241480	5045.315394	5024.185790	5003.810043	4984.148516	4965.164303	4946.822999	4929.092487	4911.942758	4895.345735	4879.275122	4863.706267	4848.616031	4833.982678	4819.785768	4806.006063	4792.625438	4779.626803	4766.994032	4754.711892	4742.765985
41114.913290	34989.806732	29907.907328	25704.125600	22236.310294	19382.570176	17038.846173	15116.716380	13541.417224	12250.064894	11190.061915	11190.061915	10463.419129	9868.208218	9371.727444	8951.292965	8590.675604	8277.957488	8004.189574	7762.521398	7547.619991	7355.271733	7182.103322	7025.382240	6882.871498	6752.722183	6633.392798	6523.587922	6422.210991	6328.327552	6241.136370	6159.946510	6084.158983	6013.251948	5946.768677	5884.307708	5825.514728	5770.075853	5717.712019	5668.174284	5621.239870	5576.708816	5534.401128	5494.154348	5455.821469	5419.269141	5384.376120	5351.031927	5319.135677	5288.595060	5259.325452	5231.249125	5204.294564	5178.395859	5153.492160	5129.527209	5106.448906	5084.208941	5062.762449	5042.067708	5022.085875	5002.780734	4984.118484	4966.067536	4948.598339	4931.683215	4915.296216	4899.412989	4884.010653	4869.067695	4854.563866	4840.480089	4826.798376	4813.501752	4800.574186	4788.000521
42973.819179	36542.908206	31207.287947	26793.626603	23152.675823	20156.458783	17695.721118	15677.626338	14023.678193	12667.853313	11554.928219	11554.928219	10792.006787	10167.079148	9645.810885	9204.385633	8825.763952	8497.432952	8209.996796	7956.263003	7730.632345	7528.680834	7346.866751	7182.321152	7032.695365	6896.048165	6770.761095	6655.474059	6549.035745	6450.465045	6358.920723	6273.677346	6194.106022	6119.658855	6049.856316	5984.276896	5922.548596	5864.341858	5809.363687	5757.352712	5708.075032	5661.320704	5616.900747	5574.644591	5534.397890	5496.020636	5459.385533	5424.376585	5390.887870	5358.822471	5328.091537	5298.613460	5270.313156	5243.121422	5216.974372	5191.812937	5167.582419	5144.232093	5121.714854	5099.986900	5079.007446	5058.738469	5039.144480	5020.192314	5001.850943	4984.091309	4966.886166	4950.209946	4934.038628	4918.349622	4903.121669	4888.334740	4873.969949	4860.009473	4846.436480	4833.235057
44832.725067	38096.009680	32506.668566	27883.127606	24069.041352	20930.347391	18352.596064	16238.536296	14505.939162	13085.641731	11919.794523	11919.794523	11120.594446	10465.950078	9919.894326	9457.478302	9060.852300	8716.908416	8415.804018	8150.004607	7913.644699	7702.089936	7511.630180	7339.260065	7182.519231	7039.374147	6908.129392	6787.360196	6675.860499	6572.602538	6476.705076	6387.408183	6304.053062	6226.065763	6152.943954	6084.246084	6019.582463	5958.607864	5901.015356	5846.531140	5794.910195	5745.932593	5699.400365	5655.134833	5612.974310	5572.772131	5534.394945	5497.721242	5462.640063	5429.049882	5396.857622	5365.977796	5336.331748	5307.846985	5280.456584	5254.098665	5228.715931	5204.255244	5180.667259	5157.906092	5135.929017	5114.696205	5094.170477	5074.317092	5055.103548	5036.499402	5018.476116	5001.006904	4984.066602	4967.631549	4951.679473	4936.189391	4921.141521	4906.517193	4892.298773	4878.469593
46691.630956	39649.111154	33806.049186	28972.628610	24985.406881	21704.235998	19009.471010	16799.446254	14988.200132	13503.430150	12284.660827	12284.660827	11449.182104	10764.821009	10193.977767	9710.570970	9295.940648	8936.383879	8621.611240	8343.746211	8096.657053	7875.499037	7676.393609	7496.198977	7332.343098	7182.700129	7045.497690	6919.246333	6802.685252	6694.740031	6594.489429	6501.139020	6414.000102	6332.472671	6256.031593	6184.215273	6116.616331	6052.873869	5992.667024	5935.709569	5881.745358	5830.544481	5781.899984	5735.625076	5691.550731	5649.523626	5609.404358	5571.065900	5534.392257	5499.277293	5465.623707	5433.342131	5402.350340	5372.572549	5343.938795	5316.384394	5289.849443	5264.278395	5239.619665	5215.825284	5192.850588	5170.653940	5149.196474	5128.441870	5108.356152	5088.907496	5070.066066	5051.803862	5034.094577	5016.913476	5000.237276	4984.044042	4968.313094	4953.024914	4938.161067	4923.704130
48550.536845	41202.212628	35105.429805	30062.129613	25901.772410	22478.124606	19666.345956	17360.356212	15470.461101	13921.218568	12649.527131	12649.527131	11777.769762	11063.691939	10468.061208	9963.663638	9531.028996	9155.859343	8827.418462	8537.487815	8279.669407	8048.908139	7841.157038	7653.137889	7482.166964	7326.026110	7182.865987	7051.132470	6929.510006	6816.877525	6712.273782	6614.869857	6523.947141	6438.879579	6359.119232	6284.184461	6213.650199	6147.139874	6084.318692	6024.887997	5968.580521	5915.156369	5864.399602	5816.115318	5770.127151	5726.275121	5684.413771	5644.410558	5606.144450	5569.504704	5534.389792	5500.706467	5468.368932	5437.298112	5407.421007	5378.670122	5350.982955	5324.301546	5298.572070	5273.744475	5249.772159	5226.611675	5204.222470	5182.566649	5161.608756	5141.315589	5121.656016	5102.600819	5084.122552	5066.195403	5048.795079	5031.898694	5015.484667	4999.532634	4984.023361	4968.938666
50409.442734	42755.314103	36404.810424	31151.630617	26818.137939	23252.013213	20323.220901	17921.266169	15952.722070	14339.006987	13014.393435	13014.393435	12106.357420	11362.562869	10742.144650	10216.756307	9766.117344	9375.334807	9033.225684	8731.229419	8462.681762	8222.317240	8005.920467	7810.076802	7631.990831	7469.352092	7320.234285	7183.018607	7056.334760	6939.015018	6830.058135	6728.600694	6633.894181	6545.286487	6462.206870	6384.153650	6310.684066	6241.405879	6175.970361	6114.066425	6055.415684	5999.768258	5946.899221	5896.605561	5848.703572	5803.026616	5759.423183	5717.755215	5677.896643	5639.732114	5603.155877	5568.070803	5534.387524	5502.023675	5470.903219	5440.955850	5412.116467	5384.324697	5357.524475	5331.663667	5306.693730	5282.569411	5259.248467	5236.691427	5214.861361	5193.723682	5173.245966	5153.397777	5134.150527	5115.477330	5097.352882	5079.753345	5062.656240	5046.040355	5029.885655	5014.173202
52268.348622	44308.415577	37704.191043	32241.131620	27734.503468	24025.901820	20980.095847	18482.176127	16434.983039	14756.795405	13379.259739	13379.259739	12434.945078	11661.433800	11016.228091	10469.848975	10001.205692	9594.810270	9239.032906	8924.971023	8645.694116	8395.726342	8170.683897	7967.015714	7781.814697	7612.678074	7457.602582	7314.904744	7183.159513	7061.152511	6947.842487	6842.331530	6743.841221	6651.693395	6565.294509	6484.122838	6407.717934	6335.671884	6267.622029	6203.244854	6142.250847	6084.380146	6029.398840	5977.095803	5927.279992	5879.778111	5834.432596	5791.099873	5749.648837	5709.959525	5671.921962	5635.435138	5600.406116	5566.749238	5534.385430	5503.241579	5473.249980	5444.347848	5416.476881	5389.582859	5363.615302	5338.527146	5314.274464	5290.816205	5268.113965	5246.131776	5224.835915	5204.194735	5184.178501	5164.759257	5145.910685	5127.607996	5109.827812	5092.548075	5075.747948	5059.407738
54127.254511	45861.517051	39003.571662	33330.632623	28650.868997	24799.790428	21636.970793	19043.086085	16917.244009	15174.583824	13744.126043	13744.126043	12763.532736	11960.304730	11290.311532	10722.941644	10236.294040	9814.285734	9444.840128	9118.712627	8828.706470	8569.135443	8335.447326	8123.954626	7931.638564	7756.004056	7594.970879	7446.790882	7309.984267	7183.290004	7065.626840	6956.062367	6853.788260	6758.100303	6668.382148	6584.092027	6504.751801	6429.937889	6359.273697	6292.423282	6229.086010	6168.992035	6111.898458	6057.586045	6005.856413	5956.529606	5909.442009	5864.444531	5821.401030	5780.186936	5740.688047	5702.799474	5666.424708	5631.474802	5597.867642	5565.527307	5534.383492	5504.371000	5475.429286	5447.502051	5420.536873	5394.484881	5369.300460	5344.940983	5321.366569	5298.539869	5276.425865	5254.991692	5234.206476	5214.041184	5194.468489	5175.462647	5156.999385	5139.055795	5121.610242	5104.642274
55986.160400	47414.618525	40302.952281	34420.133627	29567.234526	25573.679035	22293.845738	19603.996043	17399.504978	15592.372242	14108.992347	14108.992347	13092.120394	12259.175660	11564.394973	10976.034312	10471.382388	10033.761198	9650.647350	9312.454232	9011.718824	8742.544544	8500.210755	8280.893539	8081.462430	7899.330038	7732.339177	7578.677019	7436.809021	7305.427497	7183.411193	7069.793204	6963.735300	6864.507211	6771.469787	6684.061215	6601.785669	6524.203895	6450.925366	6381.601711	6315.921172	6253.603923	6194.398077	6138.076288	6084.432833	6033.281100	5984.451421	5937.789188	5893.153223	5850.414347	5809.454132	5770.163810	5732.443300	5696.200365	5661.349854	5627.813035	5595.517004	5564.394151	5534.381691	5505.421243	5477.458444	5450.442616	5424.326457	5399.065761	5374.619174	5350.947963	5328.015815	5305.788650	5284.234451	5263.323111	5243.026292	5223.317298	5204.170958	5185.563516	5167.472536	5149.876811
57845.066289	48967.719999	41602.332900	35509.634630	30483.600055	26347.567643	22950.720684	20164.906001	17881.765947	16010.160661	14473.858651	14473.858651	13420.708052	12558.046591	11838.478414	11229.126980	10706.470736	10253.236661	9856.454572	9506.195836	9194.731178	8915.953646	8664.974184	8437.832451	8231.286297	8042.656020	7869.707474	7710.563156	7563.633774	7427.564990	7301.195546	7183.524041	7073.682340	6970.914119	6874.557425	6784.030403	6698.819537	6618.469900	6542.577034	6470.780139	6402.756335	6338.215812	6276.897695	6218.566530	6163.009254	6110.032595	6059.460834	6011.133846	5964.905416	5920.641757	5878.220217	5837.528145	5798.461892	5760.925928	5724.832065	5690.098764	5656.650516	5624.417302	5593.334097	5563.340434	5534.380015	5506.400352	5479.352454	5453.190539	5427.871778	5403.356056	5379.605765	5356.585608	5334.262426	5312.605038	5291.584095	5271.171949	5251.342531	5232.071236	5213.334830	5195.111347
59703.972177	50520.821473	42901.713520	36599.135633	31399.965584	27121.456250	23607.595630	20725.815959	18364.026916	16427.949079	14838.724955	14838.724955	13749.295711	12856.917521	12112.561855	11482.219649	10941.559084	10472.712125	10062.261794	9699.937440	9377.743533	9089.362747	8829.737613	8594.771363	8381.110163	8185.982002	8007.075771	7842.449293	7690.458528	7549.702484	7418.979899	7297.254877	7183.629379	7077.321027	6977.645064	6883.999592	6795.853404	6712.735905	6634.228702	6559.958567	6489.591498	6422.827700	6359.397314	6299.056773	6241.585674	6186.784090	6134.470246	6084.478504	6036.657610	5990.869168	5946.986302	5904.892481	5864.480484	5825.651491	5788.314277	5752.384492	5717.784028	5684.440453	5652.286502	5621.259626	5591.301586	5562.358087	5534.378450	5507.315317	5481.124382	5455.764149	5431.195715	5407.382565	5384.290401	5361.886965	5340.141898	5319.026601	5298.514103	5278.578957	5259.197124	5240.345883
61562.878066	52073.922947	44201.094139	37688.636637	32316.331113	27895.344858	24264.470576	21286.725917	18846.287886	16845.737498	15203.591259	15203.591259	14077.883369	13155.788451	12386.645297	11735.312317	11176.647432	10692.187588	10268.069016	9893.679044	9560.755887	9262.771849	8994.501042	8751.710276	8530.934030	8329.307984	8144.444069	7974.335430	7817.283282	7671.839977	7536.764252	7410.985714	7293.576419	7183.727935	7080.732703	6983.968780	6892.887272	6807.001910	6725.880371	6649.136996	6576.426661	6507.439588	6441.896933	6379.547015	6320.162095	6263.535585	6209.479659	6157.823162	6108.409803	6061.096579	6015.752388	5972.256816	5930.499076	5890.377055	5851.796489	5814.670220	5778.917540	5744.463604	5711.238907	5679.178818	5648.223157	5618.315822	5589.404447	5561.440096	5534.376987	5508.172243	5482.785664	5458.179523	5434.318375	5411.168892	5388.699702	5366.881252	5345.685676	5325.086677	5305.059417	5285.580419
63421.783955	53627.024421	45500.474758	38778.137640	33232.696642	28669.233465	24921.345521	21847.635875	19328.548855	17263.525916	15568.457563	15568.457563	14406.471027	13454.659382	12660.728738	11988.404986	11411.735780	10911.663052	10473.876238	10087.420648	9743.768241	9436.180950	9159.264471	8908.649188	8680.757896	8472.633966	8281.812366	8106.221567	7944.108036	7793.977470	7654.548604	7524.716551	7403.523459	7290.134843	7183.820341	7083.937969	6989.921140	6901.267915	6817.532039	6738.315424	6663.261824	6592.051477	6524.396551	6460.037258	6398.738515	6340.287080	6284.489072	6231.167819	6180.161996	6131.323990	6084.518473	6039.621152	5996.517668	5955.102618	5915.278700	5876.955949	5840.051053	5804.486755	5770.191313	5737.098010	5705.144729	5674.273558	5644.430444	5615.564874	5587.629591	5560.580336	5534.375614	5508.976481	5484.346350	5460.450819	5437.257505	5414.735903	5392.857249	5371.594398	5350.921711	5330.814955
65280.689844	55180.125895	46799.855377	39867.638644	34149.062171	29443.122073	25578.220467	22408.545833	19810.809824	17681.314335	15933.323867	15933.323867	14735.058685	13753.530312	12934.812179	12241.497654	11646.824128	11131.138516	10679.683460	10281.162252	9926.780595	9609.590052	9324.027900	9065.588100	8830.581762	8615.959948	8419.180664	8238.107704	8070.932789	7916.114963	7772.332957	7638.447388	7513.470499	7396.541751	7286.907980	7183.907157	7086.955007	6995.533920	6909.183707	6827.493852	6750.096987	6676.663365	6606.896170	6540.527500	6477.314935	6417.038575	6359.498484	6304.512477	6251.914190	6201.551401	6153.284558	6106.985488	6062.536260	6019.828181	5978.760912	5939.241677	5901.184565	5864.509907	5829.143718	5795.017202	5762.066300	5730.231293	5699.456440	5669.689652	5640.882195	5612.988430	5585.965564	5559.773438	5534.374325	5509.732746	5485.815308	5462.590554	5440.028822	5418.102118	5396.784005	5376.049492
