-500.000000	 -500.000000	-500.000000	 -500.000000	-500.000000	 -500.000000	-500.000000	 -500.000000	-500.000000	 -500.000000	-500.000000	 -500.000000	-500.000000	 -500.000000	-500.000000	 -500.000000	-500.000000	 -500.000000	-500.000000	 -500.000000	-500.000000	 -500.000000	-500.000000	 -500.000000	-500.000000	 -500.000000	-500.000000	 -500.000000	-500.000000	 -500.000000	-500.000000	 -500.000000	-500.000000	 -500.000000	-500.000000	 -500.000000	-500.000000	 -500.000000	-500.000000	 -500.000000	-500.000000	 -500.000000	-500.000000	 -500.000000	-500.000000	 -500.000000	-500.000000	 -500.000000	-500.000000	 -500.000000	-500.000000	 -500.000000	-500.000000	 -500.000000	-500.000000	 -500.000000	-500.000000	 -500.000000	-500.000000	 -500.000000	-500.000000	 -500.000000	-500.000000	 -500.000000	-500.000000	 -500.000000	-500.000000	 -500.000000	-500.000000	 -500.000000	-500.000000	 -500.000000	-500.000000	 -500.000000	-500.000000	 -500.000000	-500.000000	 -500.000000	-500.000000	 -500.000000	-500.000000	 -500.000000	-500.000000	 -500.000000	-500.000000	 -500.000000	-500.000000	 -500.000000	-500.000000	 -500.000000	-500.000000	 -500.000000	-500.000000	 -500.000000	-500.000000	 -500.000000	-500.000000	 -500.000000	-500.000000	 -500.000000	-500.000000	 -500.000000	-500.000000	 -500.000000	-500.000000	 -500.000000	-500.000000	 -500.000000	-500.000000	 -500.000000	-500.000000	 -500.000000	-500.000000	 -500.000000	-500.000000	 -500.000000	-500.000000	 -500.000000	-500.000000	 -500.000000	-500.000000	 -500.000000	-500.000000	 -500.000000	-500.000000	 -500.000000	-500.000000	 -500.000000	-500.000000	 -500.000000	-500.000000	 -500.000000	-500.000000	 -500.000000	-500.000000	 -500.000000	-500.000000	 -500.000000	-500.000000	 -500.000000	-500.000000	 -500.000000	-500.000000	 -500.000000	-500.000000	 -500.000000	-500.000000	 -500.000000	-500.000000	 -500.000000	-500.000000	 -500.000000	-500.000000	 -500.000000	-500.000000	 -500.000000	-500.000000	 -500.000000	-500.000000	 -500.000000	-500.000000	 -500.000000	-500.000000	 -500.000000	-500.000000	 -500.000000	-500.000000	 -500.000000	-500.000000	 -500.000000	-500.000000	 -500.000000	-500.000000	 -500.000000	-500.000000	 -500.000000	-500.000000	 -500.000000	3.493715	 7.506285	
-500.000000	 -500.000000	-500.000000	 -500.000000	-500.000000	 -500.000000	-500.000000	 -500.000000	-500.000000	 -500.000000	-500.000000	 -500.000000	-500.000000	 -500.000000	-500.000000	 -500.000000	-500.000000	 -500.000000	-500.000000	 -500.000000	-500.000000	 -500.000000	-500.000000	 -500.000000	-500.000000	 -500.000000	-500.000000	 -500.000000	-500.000000	 -500.000000	-500.000000	 -500.000000	-500.000000	 -500.000000	-500.000000	 -500.000000	-500.000000	 -500.000000	-500.000000	 -500.000000	-500.000000	 -500.000000	-500.000000	 -500.000000	-500.000000	 -500.000000	-500.000000	 -500.000000	-500.000000	 -500.000000	-500.000000	 -500.000000	-500.000000	 -500.000000	-500.000000	 -500.000000	-500.000000	 -500.000000	-500.000000	 -500.000000	-500.000000	 -500.000000	-500.000000	 -500.000000	-500.000000	 -500.000000	-500.000000	 -500.000000	-500.000000	 -500.000000	-500.000000	 -500.000000	-500.000000	 -500.000000	-500.000000	 -500.000000	-500.000000	 -500.000000	-500.000000	 -500.000000	-500.000000	 -500.000000	-500.000000	 -500.000000	-500.000000	 -500.000000	-500.000000	 -500.000000	-500.000000	 -500.000000	-500.000000	 -500.000000	-500.000000	 -500.000000	-500.000000	 -500.000000	-500.000000	 -500.000000	-500.000000	 -500.000000	-500.000000	 -500.000000	-500.000000	 -500.000000	-500.000000	 -500.000000	-500.000000	 -500.000000	-500.000000	 -500.000000	-500.000000	 -500.000000	-500.000000	 -500.000000	-500.000000	 -500.000000	-500.000000	 -500.000000	-500.000000	 -500.000000	-500.000000	 -500.000000	-500.000000	 -500.000000	-500.000000	 -500.000000	-500.000000	 -500.000000	-500.000000	 -500.000000	-500.000000	 -500.000000	-500.000000	 -500.000000	-500.000000	 -500.000000	-500.000000	 -500.000000	-500.000000	 -500.000000	-500.000000	 -500.000000	-500.000000	 -500.000000	-500.000000	 -500.000000	-500.000000	 -500.000000	-500.000000	 -500.000000	-500.000000	 -500.000000	-500.000000	 -500.000000	-500.000000	 -500.000000	-500.000000	 -500.000000	-500.000000	 -500.000000	-500.000000	 -500.000000	-500.000000	 -500.000000	-500.000000	 -500.000000	-500.000000	 -500.000000	-500.000000	 -500.000000	-500.000000	 -500.000000	-500.000000	 -500.000000	-500.000000	 -500.000000	-500.000000	 -500.000000	3.474858	 7.525142	
-500.000000	 -500.000000	-500.000000	 -500.000000	-500.000000	 -500.000000	-500.000000	 -500.000000	-500.000000	 -500.000000	-500.000000	 -500.000000	-500.000000	 -500.000000	-500.000000	 -500.000000	-500.000000	 -500.000000	-500.000000	 -500.000000	-500.000000	 -500.000000	-500.000000	 -500.000000	-500.000000	 -500.000000	-500.000000	 -500.000000	-500.000000	 -500.000000	-500.000000	 -500.000000	-500.000000	 -500.000000	-500.000000	 -500.000000	-500.000000	 -500.000000	-500.000000	 -500.000000	-500.000000	 -500.000000	-500.000000	 -500.000000	-500.000000	 -500.000000	-500.000000	 -500.000000	-500.000000	 -500.000000	-500.000000	 -500.000000	-500.000000	 -500.000000	-500.000000	 -500.000000	-500.000000	 -500.000000	-500.000000	 -500.000000	-500.000000	 -500.000000	-500.000000	 -500.000000	-500.000000	 -500.000000	-500.000000	 -500.000000	-500.000000	 -500.000000	-500.000000	 -500.000000	-500.000000	 -500.000000	-500.000000	 -500.000000	-500.000000	 -500.000000	-500.000000	 -500.000000	-500.000000	 -500.000000	-500.000000	 -500.000000	-500.000000	 -500.000000	-500.000000	 -500.000000	-500.000000	 -500.000000	-500.000000	 -500.000000	-500.000000	 -500.000000	-500.000000	 -500.000000	-500.000000	 -500.000000	-500.000000	 -500.000000	-500.000000	 -500.000000	-500.000000	 -500.000000	-500.000000	 -500.000000	-500.000000	 -500.000000	-500.000000	 -500.000000	-500.000000	 -500.000000	-500.000000	 -500.000000	-500.000000	 -500.000000	-500.000000	 -500.000000	-500.000000	 -500.000000	-500.000000	 -500.000000	-500.000000	 -500.000000	-500.000000	 -500.000000	-500.000000	 -500.000000	-500.000000	 -500.000000	-500.000000	 -500.000000	-500.000000	 -500.000000	-500.000000	 -500.000000	-500.000000	 -500.000000	-500.000000	 -500.000000	-500.000000	 -500.000000	-500.000000	 -500.000000	-500.000000	 -500.000000	-500.000000	 -500.000000	-500.000000	 -500.000000	-500.000000	 -500.000000	-500.000000	 -500.000000	-500.000000	 -500.000000	-500.000000	 -500.000000	-500.000000	 -500.000000	-500.000000	 -500.000000	-500.000000	 -500.000000	-500.000000	 -500.000000	-500.000000	 -500.000000	-500.000000	 -500.000000	-500.000000	 -500.000000	-500.000000	 -500.000000	-500.000000	 -500.000000	-500.000000	 -500.000000	3.434789	 7.565211	
-500.000000	 -500.000000	-500.000000	 -500.000000	-500.000000	 -500.000000	-500.000000	 -500.000000	-500.000000	 -500.000000	-500.000000	 -500.000000	-500.000000	 -500.000000	-500.000000	 -500.000000	-500.000000	 -500.000000	-500.000000	 -500.000000	-500.000000	 -500.000000	-500.000000	 -500.000000	-500.000000	 -500.000000	-500.000000	 -500.000000	-500.000000	 -500.000000	-500.000000	 -500.000000	-500.000000	 -500.000000	-500.000000	 -500.000000	-500.000000	 -500.000000	-500.000000	 -500.000000	-500.000000	 -500.000000	-500.000000	 -500.000000	-500.000000	 -500.000000	-500.000000	 -500.000000	-500.000000	 -500.000000	-500.000000	 -500.000000	-500.000000	 -500.000000	-500.000000	 -500.000000	-500.000000	 -500.000000	-500.000000	 -500.000000	-500.000000	 -500.000000	-500.000000	 -500.000000	-500.000000	 -500.000000	-500.000000	 -500.000000	-500.000000	 -500.000000	-500.000000	 -500.000000	-500.000000	 -500.000000	-500.000000	 -500.000000	-500.000000	 -500.000000	-500.000000	 -500.000000	-500.000000	 -500.000000	-500.000000	 -500.000000	-500.000000	 -500.000000	-500.000000	 -500.000000	-500.000000	 -500.000000	-500.000000	 -500.000000	-500.000000	 -500.000000	-500.000000	 -500.000000	-500.000000	 -500.000000	-500.000000	 -500.000000	-500.000000	 -500.000000	-500.000000	 -500.000000	-500.000000	 -500.000000	-500.000000	 -500.000000	-500.000000	 -500.000000	-500.000000	 -500.000000	-500.000000	 -500.000000	-500.000000	 -500.000000	-500.000000	 -500.000000	-500.000000	 -500.000000	-500.000000	 -500.000000	-500.000000	 -500.000000	-500.000000	 -500.000000	-500.000000	 -500.000000	-500.000000	 -500.000000	-500.000000	 -500.000000	-500.000000	 -500.000000	-500.000000	 -500.000000	-500.000000	 -500.000000	-500.000000	 -500.000000	-500.000000	 -500.000000	-500.000000	 -500.000000	-500.000000	 -500.000000	-500.000000	 -500.000000	-500.000000	 -500.000000	-500.000000	 -500.000000	-500.000000	 -500.000000	-500.000000	 -500.000000	-500.000000	 -500.000000	-500.000000	 -500.000000	-500.000000	 -500.000000	-500.000000	 -500.000000	-500.000000	 -500.000000	-500.000000	 -500.000000	-500.000000	 -500.000000	-500.000000	 -500.000000	-500.000000	 -500.000000	-500.000000	 -500.000000	-500.000000	 -500.000000	3.394720	 7.605280	
-500.000000	 -500.000000	-500.000000	 -500.000000	-500.000000	 -500.000000	-500.000000	 -500.000000	-500.000000	 -500.000000	-500.000000	 -500.000000	-500.000000	 -500.000000	-500.000000	 -500.000000	-500.000000	 -500.000000	-500.000000	 -500.000000	-500.000000	 -500.000000	-500.000000	 -500.000000	-500.000000	 -500.000000	-500.000000	 -500.000000	-500.000000	 -500.000000	-500.000000	 -500.000000	-500.000000	 -500.000000	-500.000000	 -500.000000	-500.000000	 -500.000000	-500.000000	 -500.000000	-500.000000	 -500.000000	-500.000000	 -500.000000	-500.000000	 -500.000000	-500.000000	 -500.000000	-500.000000	 -500.000000	-500.000000	 -500.000000	-500.000000	 -500.000000	-500.000000	 -500.000000	-500.000000	 -500.000000	-500.000000	 -500.000000	-500.000000	 -500.000000	-500.000000	 -500.000000	-500.000000	 -500.000000	-500.000000	 -500.000000	-500.000000	 -500.000000	-500.000000	 -500.000000	-500.000000	 -500.000000	-500.000000	 -500.000000	-500.000000	 -500.000000	-500.000000	 -500.000000	-500.000000	 -500.000000	-500.000000	 -500.000000	-500.000000	 -500.000000	-500.000000	 -500.000000	-500.000000	 -500.000000	-500.000000	 -500.000000	-500.000000	 -500.000000	-500.000000	 -500.000000	-500.000000	 -500.000000	-500.000000	 -500.000000	-500.000000	 -500.000000	-500.000000	 -500.000000	-500.000000	 -500.000000	-500.000000	 -500.000000	-500.000000	 -500.000000	-500.000000	 -500.000000	-500.000000	 -500.000000	-500.000000	 -500.000000	-500.000000	 -500.000000	-500.000000	 -500.000000	-500.000000	 -500.000000	-500.000000	 -500.000000	-500.000000	 -500.000000	-500.000000	 -500.000000	-500.000000	 -500.000000	-500.000000	 -500.000000	-500.000000	 -500.000000	-500.000000	 -500.000000	-500.000000	 -500.000000	-500.000000	 -500.000000	-500.000000	 -500.000000	-500.000000	 -500.000000	-500.000000	 -500.000000	-500.000000	 -500.000000	-500.000000	 -500.000000	-500.000000	 -500.000000	-500.000000	 -500.000000	-500.000000	 -500.000000	-500.000000	 -500.000000	-500.000000	 -500.000000	-500.000000	 -500.000000	-500.000000	 -500.000000	-500.000000	 -500.000000	-500.000000	 -500.000000	-500.000000	 -500.000000	-500.000000	 -500.000000	-500.000000	 -500.000000	-500.000000	 -500.000000	-500.000000	 -500.000000	3.354650	 7.645350	
-500.000000	 -500.000000	-500.000000	 -500.000000	-500.000000	 -500.000000	-500.000000	 -500.000000	-500.000000	 -500.000000	-500.000000	 -500.000000	-500.000000	 -500.000000	-500.000000	 -500.000000	-500.000000	 -500.000000	-500.000000	 -500.000000	-500.000000	 -500.000000	-500.000000	 -500.000000	-500.000000	 -500.000000	-500.000000	 -500.000000	-500.000000	 -500.000000	-500.000000	 -500.000000	-500.000000	 -500.000000	-500.000000	 -500.000000	-500.000000	 -500.000000	-500.000000	 -500.000000	-500.000000	 -500.000000	-500.000000	 -500.000000	-500.000000	 -500.000000	-500.000000	 -500.000000	-500.000000	 -500.000000	-500.000000	 -500.000000	-500.000000	 -500.000000	-500.000000	 -500.000000	-500.000000	 -500.000000	-500.000000	 -500.000000	-500.000000	 -500.000000	-500.000000	 -500.000000	-500.000000	 -500.000000	-500.000000	 -500.000000	-500.000000	 -500.000000	-500.000000	 -500.000000	-500.000000	 -500.000000	-500.000000	 -500.000000	-500.000000	 -500.000000	-500.000000	 -500.000000	-500.000000	 -500.000000	-500.000000	 -500.000000	-500.000000	 -500.000000	-500.000000	 -500.000000	-500.000000	 -500.000000	-500.000000	 -500.000000	-500.000000	 -500.000000	-500.000000	 -500.000000	-500.000000	 -500.000000	-500.000000	 -500.000000	-500.000000	 -500.000000	-500.000000	 -500.000000	-500.000000	 -500.000000	-500.000000	 -500.000000	-500.000000	 -500.000000	-500.000000	 -500.000000	-500.000000	 -500.000000	-500.000000	 -500.000000	-500.000000	 -500.000000	-500.000000	 -500.000000	-500.000000	 -500.000000	-500.000000	 -500.000000	-500.000000	 -500.000000	-500.000000	 -500.000000	-500.000000	 -500.000000	-500.000000	 -500.000000	-500.000000	 -500.000000	-500.000000	 -500.000000	-500.000000	 -500.000000	-500.000000	 -500.000000	-500.000000	 -500.000000	-500.000000	 -500.000000	-500.000000	 -500.000000	-500.000000	 -500.000000	-500.000000	 -500.000000	-500.000000	 -500.000000	-500.000000	 -500.000000	-500.000000	 -500.000000	-500.000000	 -500.000000	-500.000000	 -500.000000	-500.000000	 -500.000000	-500.000000	 -500.000000	-500.000000	 -500.000000	-500.000000	 -500.000000	-500.000000	 -500.000000	-500.000000	 -500.000000	-500.000000	 -500.000000	-500.000000	 -500.000000	-500.000000	 -500.000000	3.314581	 7.685419	
-500.000000	 -500.000000	-500.000000	 -500.000000	-500.000000	 -500.000000	-500.000000	 -500.000000	-500.000000	 -500.000000	-500.000000	 -500.000000	-500.000000	 -500.000000	-500.000000	 -500.000000	-500.000000	 -500.000000	-500.000000	 -500.000000	-500.000000	 -500.000000	-500.000000	 -500.000000	-500.000000	 -500.000000	-500.000000	 -500.000000	-500.000000	 -500.000000	-500.000000	 -500.000000	-500.000000	 -500.000000	-500.000000	 -500.000000	-500.000000	 -500.000000	-500.000000	 -500.000000	-500.000000	 -500.000000	-500.000000	 -500.000000	-500.000000	 -500.000000	-500.000000	 -500.000000	-500.000000	 -500.000000	-500.000000	 -500.000000	-500.000000	 -500.000000	-500.000000	 -500.000000	-500.000000	 -500.000000	-500.000000	 -500.000000	-500.000000	 -500.000000	-500.000000	 -500.000000	-500.000000	 -500.000000	-500.000000	 -500.000000	-500.000000	 -500.000000	-500.000000	 -500.000000	-500.000000	 -500.000000	-500.000000	 -500.000000	-500.000000	 -500.000000	-500.000000	 -500.000000	-500.000000	 -500.000000	-500.000000	 -500.000000	-500.000000	 -500.000000	-500.000000	 -500.000000	-500.000000	 -500.000000	-500.000000	 -500.000000	-500.000000	 -500.000000	-500.000000	 -500.000000	-500.000000	 -500.000000	-500.000000	 -500.000000	-500.000000	 -500.000000	-500.000000	 -500.000000	-500.000000	 -500.000000	-500.000000	 -500.000000	-500.000000	 -500.000000	-500.000000	 -500.000000	-500.000000	 -500.000000	-500.000000	 -500.000000	-500.000000	 -500.000000	-500.000000	 -500.000000	-500.000000	 -500.000000	-500.000000	 -500.000000	-500.000000	 -500.000000	-500.000000	 -500.000000	-500.000000	 -500.000000	-500.000000	 -500.000000	-500.000000	 -500.000000	-500.000000	 -500.000000	-500.000000	 -500.000000	-500.000000	 -500.000000	-500.000000	 -500.000000	-500.000000	 -500.000000	-500.000000	 -500.000000	-500.000000	 -500.000000	-500.000000	 -500.000000	-500.000000	 -500.000000	-500.000000	 -500.000000	-500.000000	 -500.000000	-500.000000	 -500.000000	-500.000000	 -500.000000	-500.000000	 -500.000000	-500.000000	 -500.000000	-500.000000	 -500.000000	-500.000000	 -500.000000	-500.000000	 -500.000000	-500.000000	 -500.000000	-500.000000	 -500.000000	-500.000000	 -500.000000	-500.000000	 -500.000000	3.274512	 7.725488	
-500.000000	 -500.000000	-500.000000	 -500.000000	-500.000000	 -500.000000	-500.000000	 -500.000000	-500.000000	 -500.000000	-500.000000	 -500.000000	-500.000000	 -500.000000	-500.000000	 -500.000000	-500.000000	 -500.000000	-500.000000	 -500.000000	-500.000000	 -500.000000	-500.000000	 -500.000000	-500.000000	 -500.000000	-500.000000	 -500.000000	-500.000000	 -500.000000	-500.000000	 -500.000000	-500.000000	 -500.000000	-500.000000	 -500.000000	-500.000000	 -500.000000	-500.000000	 -500.000000	-500.000000	 -500.000000	-500.000000	 -500.000000	-500.000000	 -500.000000	-500.000000	 -500.000000	-500.000000	 -500.000000	-500.000000	 -500.000000	-500.000000	 -500.000000	-500.000000	 -500.000000	-500.000000	 -500.000000	-500.000000	 -500.000000	-500.000000	 -500.000000	-500.000000	 -500.000000	-500.000000	 -500.000000	-500.000000	 -500.000000	-500.000000	 -500.000000	-500.000000	 -500.000000	-500.000000	 -500.000000	-500.000000	 -500.000000	-500.000000	 -500.000000	-500.000000	 -500.000000	-500.000000	 -500.000000	-500.000000	 -500.000000	-500.000000	 -500.000000	-500.000000	 -500.000000	-500.000000	 -500.000000	-500.000000	 -500.000000	-500.000000	 -500.000000	-500.000000	 -500.000000	-500.000000	 -500.000000	-500.000000	 -500.000000	-500.000000	 -500.000000	-500.000000	 -500.000000	-500.000000	 -500.000000	-500.000000	 -500.000000	-500.000000	 -500.000000	-500.000000	 -500.000000	-500.000000	 -500.000000	-500.000000	 -500.000000	-500.000000	 -500.000000	-500.000000	 -500.000000	-500.000000	 -500.000000	-500.000000	 -500.000000	-500.000000	 -500.000000	-500.000000	 -500.000000	-500.000000	 -500.000000	-500.000000	 -500.000000	-500.000000	 -500.000000	-500.000000	 -500.000000	-500.000000	 -500.000000	-500.000000	 -500.000000	-500.000000	 -500.000000	-500.000000	 -500.000000	-500.000000	 -500.000000	-500.000000	 -500.000000	-500.000000	 -500.000000	-500.000000	 -500.000000	-500.000000	 -500.000000	-500.000000	 -500.000000	-500.000000	 -500.000000	-500.000000	 -500.000000	-500.000000	 -500.000000	-500.000000	 -500.000000	-500.000000	 -500.000000	-500.000000	 -500.000000	-500.000000	 -500.000000	-500.000000	 -500.000000	-500.000000	 -500.000000	-500.000000	 -500.000000	-500.000000	 -500.000000	3.234442	 7.765558	
-500.000000	 -500.000000	-500.000000	 -500.000000	-500.000000	 -500.000000	-500.000000	 -500.000000	-500.000000	 -500.000000	-500.000000	 -500.000000	-500.000000	 -500.000000	-500.000000	 -500.000000	-500.000000	 -500.000000	-500.000000	 -500.000000	-500.000000	 -500.000000	-500.000000	 -500.000000	-500.000000	 -500.000000	-500.000000	 -500.000000	-500.000000	 -500.000000	-500.000000	 -500.000000	-500.000000	 -500.000000	-500.000000	 -500.000000	-500.000000	 -500.000000	-500.000000	 -500.000000	-500.000000	 -500.000000	-500.000000	 -500.000000	-500.000000	 -500.000000	-500.000000	 -500.000000	-500.000000	 -500.000000	-500.000000	 -500.000000	-500.000000	 -500.000000	-500.000000	 -500.000000	-500.000000	 -500.000000	-500.000000	 -500.000000	-500.000000	 -500.000000	-500.000000	 -500.000000	-500.000000	 -500.000000	-500.000000	 -500.000000	-500.000000	 -500.000000	-500.000000	 -500.000000	-500.000000	 -500.000000	-500.000000	 -500.000000	-500.000000	 -500.000000	-500.000000	 -500.000000	-500.000000	 -500.000000	-500.000000	 -500.000000	-500.000000	 -500.000000	-500.000000	 -500.000000	-500.000000	 -500.000000	-500.000000	 -500.000000	-500.000000	 -500.000000	-500.000000	 -500.000000	-500.000000	 -500.000000	-500.000000	 -500.000000	-500.000000	 -500.000000	-500.000000	 -500.000000	-500.000000	 -500.000000	-500.000000	 -500.000000	-500.000000	 -500.000000	-500.000000	 -500.000000	-500.000000	 -500.000000	-500.000000	 -500.000000	-500.000000	 -500.000000	-500.000000	 -500.000000	-500.000000	 -500.000000	-500.000000	 -500.000000	-500.000000	 -500.000000	-500.000000	 -500.000000	-500.000000	 -500.000000	-500.000000	 -500.000000	-500.000000	 -500.000000	-500.000000	 -500.000000	-500.000000	 -500.000000	-500.000000	 -500.000000	-500.000000	 -500.000000	-500.000000	 -500.000000	-500.000000	 -500.000000	-500.000000	 -500.000000	-500.000000	 -500.000000	-500.000000	 -500.000000	-500.000000	 -500.000000	-500.000000	 -500.000000	-500.000000	 -500.000000	-500.000000	 -500.000000	-500.000000	 -500.000000	-500.000000	 -500.000000	-500.000000	 -500.000000	-500.000000	 -500.000000	-500.000000	 -500.000000	-500.000000	 -500.000000	-500.000000	 -500.000000	-500.000000	 -500.000000	-500.000000	 -500.000000	3.194373	 7.805627	
-500.000000	 -500.000000	-500.000000	 -500.000000	-500.000000	 -500.000000	-500.000000	 -500.000000	-500.000000	 -500.000000	-500.000000	 -500.000000	-500.000000	 -500.000000	-500.000000	 -500.000000	-500.000000	 -500.000000	-500.000000	 -500.000000	-500.000000	 -500.000000	-500.000000	 -500.000000	-500.000000	 -500.000000	-500.000000	 -500.000000	-500.000000	 -500.000000	-500.000000	 -500.000000	-500.000000	 -500.000000	-500.000000	 -500.000000	-500.000000	 -500.000000	-500.000000	 -500.000000	-500.000000	 -500.000000	-500.000000	 -500.000000	-500.000000	 -500.000000	-500.000000	 -500.000000	-500.000000	 -500.000000	-500.000000	 -500.000000	-500.000000	 -500.000000	-500.000000	 -500.000000	-500.000000	 -500.000000	-500.000000	 -500.000000	-500.000000	 -500.000000	-500.000000	 -500.000000	-500.000000	 -500.000000	-500.000000	 -500.000000	-500.000000	 -500.000000	-500.000000	 -500.000000	-500.000000	 -500.000000	-500.000000	 -500.000000	-500.000000	 -500.000000	-500.000000	 -500.000000	-500.000000	 -500.000000	-500.000000	 -500.000000	-500.000000	 -500.000000	-500.000000	 -500.000000	-500.000000	 -500.000000	-500.000000	 -500.000000	-500.000000	 -500.000000	-500.000000	 -500.000000	-500.000000	 -500.000000	-500.000000	 -500.000000	-500.000000	 -500.000000	-500.000000	 -500.000000	-500.000000	 -500.000000	-500.000000	 -500.000000	-500.000000	 -500.000000	-500.000000	 -500.000000	-500.000000	 -500.000000	-500.000000	 -500.000000	-500.000000	 -500.000000	-500.000000	 -500.000000	-500.000000	 -500.000000	-500.000000	 -500.000000	-500.000000	 -500.000000	-500.000000	 -500.000000	-500.000000	 -500.000000	-500.000000	 -500.000000	-500.000000	 -500.000000	-500.000000	 -500.000000	-500.000000	 -500.000000	-500.000000	 -500.000000	-500.000000	 -500.000000	-500.000000	 -500.000000	-500.000000	 -500.000000	-500.000000	 -500.000000	-500.000000	 -500.000000	-500.000000	 -500.000000	-500.000000	 -500.000000	-500.000000	 -500.000000	-500.000000	 -500.000000	-500.000000	 -500.000000	-500.000000	 -500.000000	-500.000000	 -500.000000	-500.000000	 -500.000000	-500.000000	 -500.000000	-500.000000	 -500.000000	-500.000000	 -500.000000	-500.000000	 -500.000000	-500.000000	 -500.000000	-500.000000	 -500.000000	3.154303	 7.845697	
-500.000000	 -500.000000	-500.000000	 -500.000000	-500.000000	 -500.000000	-500.000000	 -500.000000	-500.000000	 -500.000000	-500.000000	 -500.000000	-500.000000	 -500.000000	-500.000000	 -500.000000	-500.000000	 -500.000000	-500.000000	 -500.000000	-500.000000	 -500.000000	-500.000000	 -500.000000	-500.000000	 -500.000000	-500.000000	 -500.000000	-500.000000	 -500.000000	-500.000000	 -500.000000	-500.000000	 -500.000000	-500.000000	 -500.000000	-500.000000	 -500.000000	-500.000000	 -500.000000	-500.000000	 -500.000000	-500.000000	 -500.000000	-500.000000	 -500.000000	-500.000000	 -500.000000	-500.000000	 -500.000000	-500.000000	 -500.000000	-500.000000	 -500.000000	-500.000000	 -500.000000	-500.000000	 -500.000000	-500.000000	 -500.000000	-500.000000	 -500.000000	-500.000000	 -500.000000	-500.000000	 -500.000000	-500.000000	 -500.000000	-500.000000	 -500.000000	-500.000000	 -500.000000	-500.000000	 -500.000000	-500.000000	 -500.000000	-500.000000	 -500.000000	-500.000000	 -500.000000	-500.000000	 -500.000000	-500.000000	 -500.000000	-500.000000	 -500.000000	-500.000000	 -500.000000	-500.000000	 -500.000000	-500.000000	 -500.000000	-500.000000	 -500.000000	-500.000000	 -500.000000	-500.000000	 -500.000000	-500.000000	 -500.000000	-500.000000	 -500.000000	-500.000000	 -500.000000	-500.000000	 -500.000000	-500.000000	 -500.000000	-500.000000	 -500.000000	-500.000000	 -500.000000	-500.000000	 -500.000000	-500.000000	 -500.000000	-500.000000	 -500.000000	-500.000000	 -500.000000	-500.000000	 -500.000000	-500.000000	 -500.000000	-500.000000	 -500.000000	-500.000000	 -500.000000	-500.000000	 -500.000000	-500.000000	 -500.000000	-500.000000	 -500.000000	-500.000000	 -500.000000	-500.000000	 -500.000000	-500.000000	 -500.000000	-500.000000	 -500.000000	-500.000000	 -500.000000	-500.000000	 -500.000000	-500.000000	 -500.000000	-500.000000	 -500.000000	-500.000000	 -500.000000	-500.000000	 -500.000000	-500.000000	 -500.000000	-500.000000	 -500.000000	-500.000000	 -500.000000	-500.000000	 -500.000000	-500.000000	 -500.000000	-500.000000	 -500.000000	-500.000000	 -500.000000	-500.000000	 -500.000000	-500.000000	 -500.000000	-500.000000	 -500.000000	-500.000000	 -500.000000	-500.000000	 -500.000000	3.114234	 7.885766	
-500.000000	 -500.000000	-500.000000	 -500.000000	-500.000000	 -500.000000	-500.000000	 -500.000000	-500.000000	 -500.000000	-500.000000	 -500.000000	-500.000000	 -500.000000	-500.000000	 -500.000000	-500.000000	 -500.000000	-500.000000	 -500.000000	-500.000000	 -500.000000	-500.000000	 -500.000000	-500.000000	 -500.000000	-500.000000	 -500.000000	-500.000000	 -500.000000	-500.000000	 -500.000000	-500.000000	 -500.000000	-500.000000	 -500.000000	-500.000000	 -500.000000	-500.000000	 -500.000000	-500.000000	 -500.000000	-500.000000	 -500.000000	-500.000000	 -500.000000	-500.000000	 -500.000000	-500.000000	 -500.000000	-500.000000	 -500.000000	-500.000000	 -500.000000	-500.000000	 -500.000000	-500.000000	 -500.000000	-500.000000	 -500.000000	-500.000000	 -500.000000	-500.000000	 -500.000000	-500.000000	 -500.000000	-500.000000	 -500.000000	-500.000000	 -500.000000	-500.000000	 -500.000000	-500.000000	 -500.000000	-500.000000	 -500.000000	-500.000000	 -500.000000	-500.000000	 -500.000000	-500.000000	 -500.000000	-500.000000	 -500.000000	-500.000000	 -500.000000	-500.000000	 -500.000000	-500.000000	 -500.000000	-500.000000	 -500.000000	-500.000000	 -500.000000	-500.000000	 -500.000000	-500.000000	 -500.000000	-500.000000	 -500.000000	-500.000000	 -500.000000	-500.000000	 -500.000000	-500.000000	 -500.000000	-500.000000	 -500.000000	-500.000000	 -500.000000	-500.000000	 -500.000000	-500.000000	 -500.000000	-500.000000	 -500.000000	-500.000000	 -500.000000	-500.000000	 -500.000000	-500.000000	 -500.000000	-500.000000	 -500.000000	-500.000000	 -500.000000	-500.000000	 -500.000000	-500.000000	 -500.000000	-500.000000	 -500.000000	-500.000000	 -500.000000	-500.000000	 -500.000000	-500.000000	 -500.000000	-500.000000	 -500.000000	-500.000000	 -500.000000	-500.000000	 -500.000000	-500.000000	 -500.000000	-500.000000	 -500.000000	-500.000000	 -500.000000	-500.000000	 -500.000000	-500.000000	 -500.000000	-500.000000	 -500.000000	-500.000000	 -500.000000	-500.000000	 -500.000000	-500.000000	 -500.000000	-500.000000	 -500.000000	-500.000000	 -500.000000	-500.000000	 -500.000000	-500.000000	 -500.000000	-500.000000	 -500.000000	-500.000000	 -500.000000	-500.000000	 -500.000000	-500.000000	 -500.000000	3.074165	 7.925835	
-500.000000	 -500.000000	-500.000000	 -500.000000	-500.000000	 -500.000000	-500.000000	 -500.000000	-500.000000	 -500.000000	-500.000000	 -500.000000	-500.000000	 -500.000000	-500.000000	 -500.000000	-500.000000	 -500.000000	-500.000000	 -500.000000	-500.000000	 -500.000000	-500.000000	 -500.000000	-500.000000	 -500.000000	-500.000000	 -500.000000	-500.000000	 -500.000000	-500.000000	 -500.000000	-500.000000	 -500.000000	-500.000000	 -500.000000	-500.000000	 -500.000000	-500.000000	 -500.000000	-500.000000	 -500.000000	-500.000000	 -500.000000	-500.000000	 -500.000000	-500.000000	 -500.000000	-500.000000	 -500.000000	-500.000000	 -500.000000	-500.000000	 -500.000000	-500.000000	 -500.000000	-500.000000	 -500.000000	-500.000000	 -500.000000	-500.000000	 -500.000000	-500.000000	 -500.000000	-500.000000	 -500.000000	-500.000000	 -500.000000	-500.000000	 -500.000000	-500.000000	 -500.000000	-500.000000	 -500.000000	-500.000000	 -500.000000	-500.000000	 -500.000000	-500.000000	 -500.000000	-500.000000	 -500.000000	-500.000000	 -500.000000	-500.000000	 -500.000000	-500.000000	 -500.000000	-500.000000	 -500.000000	-500.000000	 -500.000000	-500.000000	 -500.000000	-500.000000	 -500.000000	-500.000000	 -500.000000	-500.000000	 -500.000000	-500.000000	 -500.000000	-500.000000	 -500.000000	-500.000000	 -500.000000	-500.000000	 -500.000000	-500.000000	 -500.000000	-500.000000	 -500.000000	-500.000000	 -500.000000	-500.000000	 -500.000000	-500.000000	 -500.000000	-500.000000	 -500.000000	-500.000000	 -500.000000	-500.000000	 -500.000000	-500.000000	 -500.000000	-500.000000	 -500.000000	-500.000000	 -500.000000	-500.000000	 -500.000000	-500.000000	 -500.000000	-500.000000	 -500.000000	-500.000000	 -500.000000	-500.000000	 -500.000000	-500.000000	 -500.000000	-500.000000	 -500.000000	-500.000000	 -500.000000	-500.000000	 -500.000000	-500.000000	 -500.000000	-500.000000	 -500.000000	-500.000000	 -500.000000	-500.000000	 -500.000000	-500.000000	 -500.000000	-500.000000	 -500.000000	-500.000000	 -500.000000	-500.000000	 -500.000000	-500.000000	 -500.000000	-500.000000	 -500.000000	-500.000000	 -500.000000	-500.000000	 -500.000000	-500.000000	 -500.000000	-500.000000	 -500.000000	-500.000000	 -500.000000	3.034095	 7.965905	
-500.000000	 -500.000000	-500.000000	 -500.000000	-500.000000	 -500.000000	-500.000000	 -500.000000	-500.000000	 -500.000000	-500.000000	 -500.000000	-500.000000	 -500.000000	-500.000000	 -500.000000	-500.000000	 -500.000000	-500.000000	 -500.000000	-500.000000	 -500.000000	-500.000000	 -500.000000	-500.000000	 -500.000000	-500.000000	 -500.000000	-500.000000	 -500.000000	-500.000000	 -500.000000	-500.000000	 -500.000000	-500.000000	 -500.000000	-500.000000	 -500.000000	-500.000000	 -500.000000	-500.000000	 -500.000000	-500.000000	 -500.000000	-500.000000	 -500.000000	-500.000000	 -500.000000	-500.000000	 -500.000000	-500.000000	 -500.000000	-500.000000	 -500.000000	-500.000000	 -500.000000	-500.000000	 -500.000000	-500.000000	 -500.000000	-500.000000	 -500.000000	-500.000000	 -500.000000	-500.000000	 -500.000000	-500.000000	 -500.000000	-500.000000	 -500.000000	-500.000000	 -500.000000	-500.000000	 -500.000000	-500.000000	 -500.000000	-500.000000	 -500.000000	-500.000000	 -500.000000	-500.000000	 -500.000000	-500.000000	 -500.000000	-500.000000	 -500.000000	-500.000000	 -500.000000	-500.000000	 -500.000000	-500.000000	 -500.000000	-500.000000	 -500.000000	-500.000000	 -500.000000	-500.000000	 -500.000000	-500.000000	 -500.000000	-500.000000	 -500.000000	-500.000000	 -500.000000	-500.000000	 -500.000000	-500.000000	 -500.000000	-500.000000	 -500.000000	-500.000000	 -500.000000	-500.000000	 -500.000000	-500.000000	 -500.000000	-500.000000	 -500.000000	-500.000000	 -500.000000	-500.000000	 -500.000000	-500.000000	 -500.000000	-500.000000	 -500.000000	-500.000000	 -500.000000	-500.000000	 -500.000000	-500.000000	 -500.000000	-500.000000	 -500.000000	-500.000000	 -500.000000	-500.000000	 -500.000000	-500.000000	 -500.000000	-500.000000	 -500.000000	-500.000000	 -500.000000	-500.000000	 -500.000000	-500.000000	 -500.000000	-500.000000	 -500.000000	-500.000000	 -500.000000	-500.000000	 -500.000000	-500.000000	 -500.000000	-500.000000	 -500.000000	-500.000000	 -500.000000	-500.000000	 -500.000000	-500.000000	 -500.000000	-500.000000	 -500.000000	-500.000000	 -500.000000	-500.000000	 -500.000000	-500.000000	 -500.000000	-500.000000	 -500.000000	-500.000000	 -500.000000	-500.000000	 -500.000000	2.994026	 8.005974	
-500.000000	 -500.000000	-500.000000	 -500.000000	-500.000000	 -500.000000	-500.000000	 -500.000000	-500.000000	 -500.000000	-500.000000	 -500.000000	-500.000000	 -500.000000	-500.000000	 -500.000000	-500.000000	 -500.000000	-500.000000	 -500.000000	-500.000000	 -500.000000	-500.000000	 -500.000000	-500.000000	 -500.000000	-500.000000	 -500.000000	-500.000000	 -500.000000	-500.000000	 -500.000000	-500.000000	 -500.000000	-500.000000	 -500.000000	-500.000000	 -500.000000	-500.000000	 -500.000000	-500.000000	 -500.000000	-500.000000	 -500.000000	-500.000000	 -500.000000	-500.000000	 -500.000000	-500.000000	 -500.000000	-500.000000	 -500.000000	-500.000000	 -500.000000	-500.000000	 -500.000000	-500.000000	 -500.000000	-500.000000	 -500.000000	-500.000000	 -500.000000	-500.000000	 -500.000000	-500.000000	 -500.000000	-500.000000	 -500.000000	-500.000000	 -500.000000	-500.000000	 -500.000000	-500.000000	 -500.000000	-500.000000	 -500.000000	-500.000000	 -500.000000	-500.000000	 -500.000000	-500.000000	 -500.000000	-500.000000	 -500.000000	-500.000000	 -500.000000	-500.000000	 -500.000000	-500.000000	 -500.000000	-500.000000	 -500.000000	-500.000000	 -500.000000	-500.000000	 -500.000000	-500.000000	 -500.000000	-500.000000	 -500.000000	-500.000000	 -500.000000	-500.000000	 -500.000000	-500.000000	 -500.000000	-500.000000	 -500.000000	-500.000000	 -500.000000	-500.000000	 -500.000000	-500.000000	 -500.000000	-500.000000	 -500.000000	-500.000000	 -500.000000	-500.000000	 -500.000000	-500.000000	 -500.000000	-500.000000	 -500.000000	-500.000000	 -500.000000	-500.000000	 -500.000000	-500.000000	 -500.000000	-500.000000	 -500.000000	-500.000000	 -500.000000	-500.000000	 -500.000000	-500.000000	 -500.000000	-500.000000	 -500.000000	-500.000000	 -500.000000	-500.000000	 -500.000000	-500.000000	 -500.000000	-500.000000	 -500.000000	-500.000000	 -500.000000	-500.000000	 -500.000000	-500.000000	 -500.000000	-500.000000	 -500.000000	-500.000000	 -500.000000	-500.000000	 -500.000000	-500.000000	 -500.000000	-500.000000	 -500.000000	-500.000000	 -500.000000	-500.000000	 -500.000000	-500.000000	 -500.000000	-500.000000	 -500.000000	-500.000000	 -500.000000	-500.000000	 -500.000000	-500.000000	 -500.000000	2.953956	 8.046044	
-500.000000	 -500.000000	-500.000000	 -500.000000	-500.000000	 -500.000000	-500.000000	 -500.000000	-500.000000	 -500.000000	-500.000000	 -500.000000	-500.000000	 -500.000000	-500.000000	 -500.000000	-500.000000	 -500.000000	-500.000000	 -500.000000	-500.000000	 -500.000000	-500.000000	 -500.000000	-500.000000	 -500.000000	-500.000000	 -500.000000	-500.000000	 -500.000000	-500.000000	 -500.000000	-500.000000	 -500.000000	-500.000000	 -500.000000	-500.000000	 -500.000000	-500.000000	 -500.000000	-500.000000	 -500.000000	-500.000000	 -500.000000	-500.000000	 -500.000000	-500.000000	 -500.000000	-500.000000	 -500.000000	-500.000000	 -500.000000	-500.000000	 -500.000000	-500.000000	 -500.000000	-500.000000	 -500.000000	-500.000000	 -500.000000	-500.000000	 -500.000000	-500.000000	 -500.000000	-500.000000	 -500.000000	-500.000000	 -500.000000	-500.000000	 -500.000000	-500.000000	 -500.000000	-500.000000	 -500.000000	-500.000000	 -500.000000	-500.000000	 -500.000000	-500.000000	 -500.000000	-500.000000	 -500.000000	-500.000000	 -500.000000	-500.000000	 -500.000000	-500.000000	 -500.000000	-500.000000	 -500.000000	-500.000000	 -500.000000	-500.000000	 -500.000000	-500.000000	 -500.000000	-500.000000	 -500.000000	-500.000000	 -500.000000	-500.000000	 -500.000000	-500.000000	 -500.000000	-500.000000	 -500.000000	-500.000000	 -500.000000	-500.000000	 -500.000000	-500.000000	 -500.000000	-500.000000	 -500.000000	-500.000000	 -500.000000	-500.000000	 -500.000000	-500.000000	 -500.000000	-500.000000	 -500.000000	-500.000000	 -500.000000	-500.000000	 -500.000000	-500.000000	 -500.000000	-500.000000	 -500.000000	-500.000000	 -500.000000	-500.000000	 -500.000000	-500.000000	 -500.000000	-500.000000	 -500.000000	-500.000000	 -500.000000	-500.000000	 -500.000000	-500.000000	 -500.000000	-500.000000	 -500.000000	-500.000000	 -500.000000	-500.000000	 -500.000000	-500.000000	 -500.000000	-500.000000	 -500.000000	-500.000000	 -500.000000	-500.000000	 -500.000000	-500.000000	 -500.000000	-500.000000	 -500.000000	-500.000000	 -500.000000	-500.000000	 -500.000000	-500.000000	 -500.000000	-500.000000	 -500.000000	-500.000000	 -500.000000	-500.000000	 -500.000000	-500.000000	 -500.000000	-500.000000	 -500.000000	2.913887	 8.086113	
-500.000000	 -500.000000	-500.000000	 -500.000000	-500.000000	 -500.000000	-500.000000	 -500.000000	-500.000000	 -500.000000	-500.000000	 -500.000000	-500.000000	 -500.000000	-500.000000	 -500.000000	-500.000000	 -500.000000	-500.000000	 -500.000000	-500.000000	 -500.000000	-500.000000	 -500.000000	-500.000000	 -500.000000	-500.000000	 -500.000000	-500.000000	 -500.000000	-500.000000	 -500.000000	-500.000000	 -500.000000	-500.000000	 -500.000000	-500.000000	 -500.000000	-500.000000	 -500.000000	-500.000000	 -500.000000	-500.000000	 -500.000000	-500.000000	 -500.000000	-500.000000	 -500.000000	-500.000000	 -500.000000	-500.000000	 -500.000000	-500.000000	 -500.000000	-500.000000	 -500.000000	-500.000000	 -500.000000	-500.000000	 -500.000000	-500.000000	 -500.000000	-500.000000	 -500.000000	-500.000000	 -500.000000	-500.000000	 -500.000000	-500.000000	 -500.000000	-500.000000	 -500.000000	-500.000000	 -500.000000	-500.000000	 -500.000000	-500.000000	 -500.000000	-500.000000	 -500.000000	-500.000000	 -500.000000	-500.000000	 -500.000000	-500.000000	 -500.000000	-500.000000	 -500.000000	-500.000000	 -500.000000	-500.000000	 -500.000000	-500.000000	 -500.000000	-500.000000	 -500.000000	-500.000000	 -500.000000	-500.000000	 -500.000000	-500.000000	 -500.000000	-500.000000	 -500.000000	-500.000000	 -500.000000	-500.000000	 -500.000000	-500.000000	 -500.000000	-500.000000	 -500.000000	-500.000000	 -500.000000	-500.000000	 -500.000000	-500.000000	 -500.000000	-500.000000	 -500.000000	-500.000000	 -500.000000	-500.000000	 -500.000000	-500.000000	 -500.000000	-500.000000	 -500.000000	-500.000000	 -500.000000	-500.000000	 -500.000000	-500.000000	 -500.000000	-500.000000	 -500.000000	-500.000000	 -500.000000	-500.000000	 -500.000000	-500.000000	 -500.000000	-500.000000	 -500.000000	-500.000000	 -500.000000	-500.000000	 -500.000000	-500.000000	 -500.000000	-500.000000	 -500.000000	-500.000000	 -500.000000	-500.000000	 -500.000000	-500.000000	 -500.000000	-500.000000	 -500.000000	-500.000000	 -500.000000	-500.000000	 -500.000000	-500.000000	 -500.000000	-500.000000	 -500.000000	-500.000000	 -500.000000	-500.000000	 -500.000000	-500.000000	 -500.000000	-500.000000	 -500.000000	-500.000000	 -500.000000	2.873818	 8.126182	
-500.000000	 -500.000000	-500.000000	 -500.000000	-500.000000	 -500.000000	-500.000000	 -500.000000	-500.000000	 -500.000000	-500.000000	 -500.000000	-500.000000	 -500.000000	-500.000000	 -500.000000	-500.000000	 -500.000000	-500.000000	 -500.000000	-500.000000	 -500.000000	-500.000000	 -500.000000	-500.000000	 -500.000000	-500.000000	 -500.000000	-500.000000	 -500.000000	-500.000000	 -500.000000	-500.000000	 -500.000000	-500.000000	 -500.000000	-500.000000	 -500.000000	-500.000000	 -500.000000	-500.000000	 -500.000000	-500.000000	 -500.000000	-500.000000	 -500.000000	-500.000000	 -500.000000	-500.000000	 -500.000000	-500.000000	 -500.000000	-500.000000	 -500.000000	-500.000000	 -500.000000	-500.000000	 -500.000000	-500.000000	 -500.000000	-500.000000	 -500.000000	-500.000000	 -500.000000	-500.000000	 -500.000000	-500.000000	 -500.000000	-500.000000	 -500.000000	-500.000000	 -500.000000	-500.000000	 -500.000000	-500.000000	 -500.000000	-500.000000	 -500.000000	-500.000000	 -500.000000	-500.000000	 -500.000000	-500.000000	 -500.000000	-500.000000	 -500.000000	-500.000000	 -500.000000	-500.000000	 -500.000000	-500.000000	 -500.000000	-500.000000	 -500.000000	-500.000000	 -500.000000	-500.000000	 -500.000000	-500.000000	 -500.000000	-500.000000	 -500.000000	-500.000000	 -500.000000	-500.000000	 -500.000000	-500.000000	 -500.000000	-500.000000	 -500.000000	-500.000000	 -500.000000	-500.000000	 -500.000000	-500.000000	 -500.000000	-500.000000	 -500.000000	-500.000000	 -500.000000	-500.000000	 -500.000000	-500.000000	 -500.000000	-500.000000	 -500.000000	-500.000000	 -500.000000	-500.000000	 -500.000000	-500.000000	 -500.000000	-500.000000	 -500.000000	-500.000000	 -500.000000	-500.000000	 -500.000000	-500.000000	 -500.000000	-500.000000	 -500.000000	-500.000000	 -500.000000	-500.000000	 -500.000000	-500.000000	 -500.000000	-500.000000	 -500.000000	-500.000000	 -500.000000	-500.000000	 -500.000000	-500.000000	 -500.000000	-500.000000	 -500.000000	-500.000000	 -500.000000	-500.000000	 -500.000000	-500.000000	 -500.000000	-500.000000	 -500.000000	-500.000000	 -500.000000	-500.000000	 -500.000000	-500.000000	 -500.000000	-500.000000	 -500.000000	-500.000000	 -500.000000	-500.000000	 -500.000000	2.833748	 8.166252	
-500.000000	 -500.000000	-500.000000	 -500.000000	-500.000000	 -500.000000	-500.000000	 -500.000000	-500.000000	 -500.000000	-500.000000	 -500.000000	-500.000000	 -500.000000	-500.000000	 -500.000000	-500.000000	 -500.000000	-500.000000	 -500.000000	-500.000000	 -500.000000	-500.000000	 -500.000000	-500.000000	 -500.000000	-500.000000	 -500.000000	-500.000000	 -500.000000	-500.000000	 -500.000000	-500.000000	 -500.000000	-500.000000	 -500.000000	-500.000000	 -500.000000	-500.000000	 -500.000000	-500.000000	 -500.000000	-500.000000	 -500.000000	-500.000000	 -500.000000	-500.000000	 -500.000000	-500.000000	 -500.000000	-500.000000	 -500.000000	-500.000000	 -500.000000	-500.000000	 -500.000000	-500.000000	 -500.000000	-500.000000	 -500.000000	-500.000000	 -500.000000	-500.000000	 -500.000000	-500.000000	 -500.000000	-500.000000	 -500.000000	-500.000000	 -500.000000	-500.000000	 -500.000000	-500.000000	 -500.000000	-500.000000	 -500.000000	-500.000000	 -500.000000	-500.000000	 -500.000000	-500.000000	 -500.000000	-500.000000	 -500.000000	-500.000000	 -500.000000	-500.000000	 -500.000000	-500.000000	 -500.000000	-500.000000	 -500.000000	-500.000000	 -500.000000	-500.000000	 -500.000000	-500.000000	 -500.000000	-500.000000	 -500.000000	-500.000000	 -500.000000	-500.000000	 -500.000000	-500.000000	 -500.000000	-500.000000	 -500.000000	-500.000000	 -500.000000	-500.000000	 -500.000000	-500.000000	 -500.000000	-500.000000	 -500.000000	-500.000000	 -500.000000	-500.000000	 -500.000000	-500.000000	 -500.000000	-500.000000	 -500.000000	-500.000000	 -500.000000	-500.000000	 -500.000000	-500.000000	 -500.000000	-500.000000	 -500.000000	-500.000000	 -500.000000	-500.000000	 -500.000000	-500.000000	 -500.000000	-500.000000	 -500.000000	-500.000000	 -500.000000	-500.000000	 -500.000000	-500.000000	 -500.000000	-500.000000	 -500.000000	-500.000000	 -500.000000	-500.000000	 -500.000000	-500.000000	 -500.000000	-500.000000	 -500.000000	-500.000000	 -500.000000	-500.000000	 -500.000000	-500.000000	 -500.000000	-500.000000	 -500.000000	-500.000000	 -500.000000	-500.000000	 -500.000000	-500.000000	 -500.000000	-500.000000	 -500.000000	-500.000000	 -500.000000	-500.000000	 -500.000000	-500.000000	 -500.000000	2.793679	 8.206321	
-500.000000	 -500.000000	-500.000000	 -500.000000	-500.000000	 -500.000000	-500.000000	 -500.000000	-500.000000	 -500.000000	-500.000000	 -500.000000	-500.000000	 -500.000000	-500.000000	 -500.000000	-500.000000	 -500.000000	-500.000000	 -500.000000	-500.000000	 -500.000000	-500.000000	 -500.000000	-500.000000	 -500.000000	-500.000000	 -500.000000	-500.000000	 -500.000000	-500.000000	 -500.000000	-500.000000	 -500.000000	-500.000000	 -500.000000	-500.000000	 -500.000000	-500.000000	 -500.000000	-500.000000	 -500.000000	-500.000000	 -500.000000	-500.000000	 -500.000000	-500.000000	 -500.000000	-500.000000	 -500.000000	-500.000000	 -500.000000	-500.000000	 -500.000000	-500.000000	 -500.000000	-500.000000	 -500.000000	-500.000000	 -500.000000	-500.000000	 -500.000000	-500.000000	 -500.000000	-500.000000	 -500.000000	-500.000000	 -500.000000	-500.000000	 -500.000000	-500.000000	 -500.000000	-500.000000	 -500.000000	-500.000000	 -500.000000	-500.000000	 -500.000000	-500.000000	 -500.000000	-500.000000	 -500.000000	-500.000000	 -500.000000	-500.000000	 -500.000000	-500.000000	 -500.000000	-500.000000	 -500.000000	-500.000000	 -500.000000	-500.000000	 -500.000000	-500.000000	 -500.000000	-500.000000	 -500.000000	-500.000000	 -500.000000	-500.000000	 -500.000000	-500.000000	 -500.000000	-500.000000	 -500.000000	-500.000000	 -500.000000	-500.000000	 -500.000000	-500.000000	 -500.000000	-500.000000	 -500.000000	-500.000000	 -500.000000	-500.000000	 -500.000000	-500.000000	 -500.000000	-500.000000	 -500.000000	-500.000000	 -500.000000	-500.000000	 -500.000000	-500.000000	 -500.000000	-500.000000	 -500.000000	-500.000000	 -500.000000	-500.000000	 -500.000000	-500.000000	 -500.000000	-500.000000	 -500.000000	-500.000000	 -500.000000	-500.000000	 -500.000000	-500.000000	 -500.000000	-500.000000	 -500.000000	-500.000000	 -500.000000	-500.000000	 -500.000000	-500.000000	 -500.000000	-500.000000	 -500.000000	-500.000000	 -500.000000	-500.000000	 -500.000000	-500.000000	 -500.000000	-500.000000	 -500.000000	-500.000000	 -500.000000	-500.000000	 -500.000000	-500.000000	 -500.000000	-500.000000	 -500.000000	-500.000000	 -500.000000	-500.000000	 -500.000000	-500.000000	 -500.000000	-500.000000	 -500.000000	2.753610	 8.246390	
-500.000000	 -500.000000	-500.000000	 -500.000000	-500.000000	 -500.000000	-500.000000	 -500.000000	-500.000000	 -500.000000	-500.000000	 -500.000000	-500.000000	 -500.000000	-500.000000	 -500.000000	-500.000000	 -500.000000	-500.000000	 -500.000000	-500.000000	 -500.000000	-500.000000	 -500.000000	-500.000000	 -500.000000	-500.000000	 -500.000000	-500.000000	 -500.000000	-500.000000	 -500.000000	-500.000000	 -500.000000	-500.000000	 -500.000000	-500.000000	 -500.000000	-500.000000	 -500.000000	-500.000000	 -500.000000	-500.000000	 -500.000000	-500.000000	 -500.000000	-500.000000	 -500.000000	-500.000000	 -500.000000	-500.000000	 -500.000000	-500.000000	 -500.000000	-500.000000	 -500.000000	-500.000000	 -500.000000	-500.000000	 -500.000000	-500.000000	 -500.000000	-500.000000	 -500.000000	-500.000000	 -500.000000	-500.000000	 -500.000000	-500.000000	 -500.000000	-500.000000	 -500.000000	-500.000000	 -500.000000	-500.000000	 -500.000000	-500.000000	 -500.000000	-500.000000	 -500.000000	-500.000000	 -500.000000	-500.000000	 -500.000000	-500.000000	 -500.000000	-500.000000	 -500.000000	-500.000000	 -500.000000	-500.000000	 -500.000000	-500.000000	 -500.000000	-500.000000	 -500.000000	-500.000000	 -500.000000	-500.000000	 -500.000000	-500.000000	 -500.000000	-500.000000	 -500.000000	-500.000000	 -500.000000	-500.000000	 -500.000000	-500.000000	 -500.000000	-500.000000	 -500.000000	-500.000000	 -500.000000	-500.000000	 -500.000000	-500.000000	 -500.000000	-500.000000	 -500.000000	-500.000000	 -500.000000	-500.000000	 -500.000000	-500.000000	 -500.000000	-500.000000	 -500.000000	-500.000000	 -500.000000	-500.000000	 -500.000000	-500.000000	 -500.000000	-500.000000	 -500.000000	-500.000000	 -500.000000	-500.000000	 -500.000000	-500.000000	 -500.000000	-500.000000	 -500.000000	-500.000000	 -500.000000	-500.000000	 -500.000000	-500.000000	 -500.000000	-500.000000	 -500.000000	-500.000000	 -500.000000	-500.000000	 -500.000000	-500.000000	 -500.000000	-500.000000	 -500.000000	-500.000000	 -500.000000	-500.000000	 -500.000000	-500.000000	 -500.000000	-500.000000	 -500.000000	-500.000000	 -500.000000	-500.000000	 -500.000000	-500.000000	 -500.000000	-500.000000	 -500.000000	-500.000000	 -500.000000	2.713540	 8.286460	
-500.000000	 -500.000000	-500.000000	 -500.000000	-500.000000	 -500.000000	-500.000000	 -500.000000	-500.000000	 -500.000000	-500.000000	 -500.000000	-500.000000	 -500.000000	-500.000000	 -500.000000	-500.000000	 -500.000000	-500.000000	 -500.000000	-500.000000	 -500.000000	-500.000000	 -500.000000	-500.000000	 -500.000000	-500.000000	 -500.000000	-500.000000	 -500.000000	-500.000000	 -500.000000	-500.000000	 -500.000000	-500.000000	 -500.000000	-500.000000	 -500.000000	-500.000000	 -500.000000	-500.000000	 -500.000000	-500.000000	 -500.000000	-500.000000	 -500.000000	-500.000000	 -500.000000	-500.000000	 -500.000000	-500.000000	 -500.000000	-500.000000	 -500.000000	-500.000000	 -500.000000	-500.000000	 -500.000000	-500.000000	 -500.000000	-500.000000	 -500.000000	-500.000000	 -500.000000	-500.000000	 -500.000000	-500.000000	 -500.000000	-500.000000	 -500.000000	-500.000000	 -500.000000	-500.000000	 -500.000000	-500.000000	 -500.000000	-500.000000	 -500.000000	-500.000000	 -500.000000	-500.000000	 -500.000000	-500.000000	 -500.000000	-500.000000	 -500.000000	-500.000000	 -500.000000	-500.000000	 -500.000000	-500.000000	 -500.000000	-500.000000	 -500.000000	-500.000000	 -500.000000	-500.000000	 -500.000000	-500.000000	 -500.000000	-500.000000	 -500.000000	-500.000000	 -500.000000	-500.000000	 -500.000000	-500.000000	 -500.000000	-500.000000	 -500.000000	-500.000000	 -500.000000	-500.000000	 -500.000000	-500.000000	 -500.000000	-500.000000	 -500.000000	-500.000000	 -500.000000	-500.000000	 -500.000000	-500.000000	 -500.000000	-500.000000	 -500.000000	-500.000000	 -500.000000	-500.000000	 -500.000000	-500.000000	 -500.000000	-500.000000	 -500.000000	-500.000000	 -500.000000	-500.000000	 -500.000000	-500.000000	 -500.000000	-500.000000	 -500.000000	-500.000000	 -500.000000	-500.000000	 -500.000000	-500.000000	 -500.000000	-500.000000	 -500.000000	-500.000000	 -500.000000	-500.000000	 -500.000000	-500.000000	 -500.000000	-500.000000	 -500.000000	-500.000000	 -500.000000	-500.000000	 -500.000000	-500.000000	 -500.000000	-500.000000	 -500.000000	-500.000000	 -500.000000	-500.000000	 -500.000000	-500.000000	 -500.000000	-500.000000	 -500.000000	-500.000000	 -500.000000	-500.000000	 -500.000000	2.673471	 8.326529	
-500.000000	 -500.000000	-500.000000	 -500.000000	-500.000000	 -500.000000	-500.000000	 -500.000000	-500.000000	 -500.000000	-500.000000	 -500.000000	-500.000000	 -500.000000	-500.000000	 -500.000000	-500.000000	 -500.000000	-500.000000	 -500.000000	-500.000000	 -500.000000	-500.000000	 -500.000000	-500.000000	 -500.000000	-500.000000	 -500.000000	-500.000000	 -500.000000	-500.000000	 -500.000000	-500.000000	 -500.000000	-500.000000	 -500.000000	-500.000000	 -500.000000	-500.000000	 -500.000000	-500.000000	 -500.000000	-500.000000	 -500.000000	-500.000000	 -500.000000	-500.000000	 -500.000000	-500.000000	 -500.000000	-500.000000	 -500.000000	-500.000000	 -500.000000	-500.000000	 -500.000000	-500.000000	 -500.000000	-500.000000	 -500.000000	-500.000000	 -500.000000	-500.000000	 -500.000000	-500.000000	 -500.000000	-500.000000	 -500.000000	-500.000000	 -500.000000	-500.000000	 -500.000000	-500.000000	 -500.000000	-500.000000	 -500.000000	-500.000000	 -500.000000	-500.000000	 -500.000000	-500.000000	 -500.000000	-500.000000	 -500.000000	-500.000000	 -500.000000	-500.000000	 -500.000000	-500.000000	 -500.000000	-500.000000	 -500.000000	-500.000000	 -500.000000	-500.000000	 -500.000000	-500.000000	 -500.000000	-500.000000	 -500.000000	-500.000000	 -500.000000	-500.000000	 -500.000000	-500.000000	 -500.000000	-500.000000	 -500.000000	-500.000000	 -500.000000	-500.000000	 -500.000000	-500.000000	 -500.000000	-500.000000	 -500.000000	-500.000000	 -500.000000	-500.000000	 -500.000000	-500.000000	 -500.000000	-500.000000	 -500.000000	-500.000000	 -500.000000	-500.000000	 -500.000000	-500.000000	 -500.000000	-500.000000	 -500.000000	-500.000000	 -500.000000	-500.000000	 -500.000000	-500.000000	 -500.000000	-500.000000	 -500.000000	-500.000000	 -500.000000	-500.000000	 -500.000000	-500.000000	 -500.000000	-500.000000	 -500.000000	-500.000000	 -500.000000	-500.000000	 -500.000000	-500.000000	 -500.000000	-500.000000	 -500.000000	-500.000000	 -500.000000	-500.000000	 -500.000000	-500.000000	 -500.000000	-500.000000	 -500.000000	-500.000000	 -500.000000	-500.000000	 -500.000000	-500.000000	 -500.000000	-500.000000	 -500.000000	-500.000000	 -500.000000	-500.000000	 -500.000000	-500.000000	 -500.000000	2.633401	 8.366599	
-500.000000	 -500.000000	-500.000000	 -500.000000	-500.000000	 -500.000000	-500.000000	 -500.000000	-500.000000	 -500.000000	-500.000000	 -500.000000	-500.000000	 -500.000000	-500.000000	 -500.000000	-500.000000	 -500.000000	-500.000000	 -500.000000	-500.000000	 -500.000000	-500.000000	 -500.000000	-500.000000	 -500.000000	-500.000000	 -500.000000	-500.000000	 -500.000000	-500.000000	 -500.000000	-500.000000	 -500.000000	-500.000000	 -500.000000	-500.000000	 -500.000000	-500.000000	 -500.000000	-500.000000	 -500.000000	-500.000000	 -500.000000	-500.000000	 -500.000000	-500.000000	 -500.000000	-500.000000	 -500.000000	-500.000000	 -500.000000	-500.000000	 -500.000000	-500.000000	 -500.000000	-500.000000	 -500.000000	-500.000000	 -500.000000	-500.000000	 -500.000000	-500.000000	 -500.000000	-500.000000	 -500.000000	-500.000000	 -500.000000	-500.000000	 -500.000000	-500.000000	 -500.000000	-500.000000	 -500.000000	-500.000000	 -500.000000	-500.000000	 -500.000000	-500.000000	 -500.000000	-500.000000	 -500.000000	-500.000000	 -500.000000	-500.000000	 -500.000000	-500.000000	 -500.000000	-500.000000	 -500.000000	-500.000000	 -500.000000	-500.000000	 -500.000000	-500.000000	 -500.000000	-500.000000	 -500.000000	-500.000000	 -500.000000	-500.000000	 -500.000000	-500.000000	 -500.000000	-500.000000	 -500.000000	-500.000000	 -500.000000	-500.000000	 -500.000000	-500.000000	 -500.000000	-500.000000	 -500.000000	-500.000000	 -500.000000	-500.000000	 -500.000000	-500.000000	 -500.000000	-500.000000	 -500.000000	-500.000000	 -500.000000	-500.000000	 -500.000000	-500.000000	 -500.000000	-500.000000	 -500.000000	-500.000000	 -500.000000	-500.000000	 -500.000000	-500.000000	 -500.000000	-500.000000	 -500.000000	-500.000000	 -500.000000	-500.000000	 -500.000000	-500.000000	 -500.000000	-500.000000	 -500.000000	-500.000000	 -500.000000	-500.000000	 -500.000000	-500.000000	 -500.000000	-500.000000	 -500.000000	-500.000000	 -500.000000	-500.000000	 -500.000000	-500.000000	 -500.000000	-500.000000	 -500.000000	-500.000000	 -500.000000	-500.000000	 -500.000000	-500.000000	 -500.000000	-500.000000	 -500.000000	-500.000000	 -500.000000	-500.000000	 -500.000000	-500.000000	 -500.000000	-500.000000	 -500.000000	2.593332	 8.406668	
-500.000000	 -500.000000	-500.000000	 -500.000000	-500.000000	 -500.000000	-500.000000	 -500.000000	-500.000000	 -500.000000	-500.000000	 -500.000000	-500.000000	 -500.000000	-500.000000	 -500.000000	-500.000000	 -500.000000	-500.000000	 -500.000000	-500.000000	 -500.000000	-500.000000	 -500.000000	-500.000000	 -500.000000	-500.000000	 -500.000000	-500.000000	 -500.000000	-500.000000	 -500.000000	-500.000000	 -500.000000	-500.000000	 -500.000000	-500.000000	 -500.000000	-500.000000	 -500.000000	-500.000000	 -500.000000	-500.000000	 -500.000000	-500.000000	 -500.000000	-500.000000	 -500.000000	-500.000000	 -500.000000	-500.000000	 -500.000000	-500.000000	 -500.000000	-500.000000	 -500.000000	-500.000000	 -500.000000	-500.000000	 -500.000000	-500.000000	 -500.000000	-500.000000	 -500.000000	-500.000000	 -500.000000	-500.000000	 -500.000000	-500.000000	 -500.000000	-500.000000	 -500.000000	-500.000000	 -500.000000	-500.000000	 -500.000000	-500.000000	 -500.000000	-500.000000	 -500.000000	-500.000000	 -500.000000	-500.000000	 -500.000000	-500.000000	 -500.000000	-500.000000	 -500.000000	-500.000000	 -500.000000	-500.000000	 -500.000000	-500.000000	 -500.000000	-500.000000	 -500.000000	-500.000000	 -500.000000	-500.000000	 -500.000000	-500.000000	 -500.000000	-500.000000	 -500.000000	-500.000000	 -500.000000	-500.000000	 -500.000000	-500.000000	 -500.000000	-500.000000	 -500.000000	-500.000000	 -500.000000	-500.000000	 -500.000000	-500.000000	 -500.000000	-500.000000	 -500.000000	-500.000000	 -500.000000	-500.000000	 -500.000000	-500.000000	 -500.000000	-500.000000	 -500.000000	-500.000000	 -500.000000	-500.000000	 -500.000000	-500.000000	 -500.000000	-500.000000	 -500.000000	-500.000000	 -500.000000	-500.000000	 -500.000000	-500.000000	 -500.000000	-500.000000	 -500.000000	-500.000000	 -500.000000	-500.000000	 -500.000000	-500.000000	 -500.000000	-500.000000	 -500.000000	-500.000000	 -500.000000	-500.000000	 -500.000000	-500.000000	 -500.000000	-500.000000	 -500.000000	-500.000000	 -500.000000	-500.000000	 -500.000000	-500.000000	 -500.000000	-500.000000	 -500.000000	-500.000000	 -500.000000	-500.000000	 -500.000000	-500.000000	 -500.000000	-500.000000	 -500.000000	-500.000000	 -500.000000	2.553263	 8.446737	
-500.000000	 -500.000000	-500.000000	 -500.000000	-500.000000	 -500.000000	-500.000000	 -500.000000	-500.000000	 -500.000000	-500.000000	 -500.000000	-500.000000	 -500.000000	-500.000000	 -500.000000	-500.000000	 -500.000000	-500.000000	 -500.000000	-500.000000	 -500.000000	-500.000000	 -500.000000	-500.000000	 -500.000000	-500.000000	 -500.000000	-500.000000	 -500.000000	-500.000000	 -500.000000	-500.000000	 -500.000000	-500.000000	 -500.000000	-500.000000	 -500.000000	-500.000000	 -500.000000	-500.000000	 -500.000000	-500.000000	 -500.000000	-500.000000	 -500.000000	-500.000000	 -500.000000	-500.000000	 -500.000000	-500.000000	 -500.000000	-500.000000	 -500.000000	-500.000000	 -500.000000	-500.000000	 -500.000000	-500.000000	 -500.000000	-500.000000	 -500.000000	-500.000000	 -500.000000	-500.000000	 -500.000000	-500.000000	 -500.000000	-500.000000	 -500.000000	-500.000000	 -500.000000	-500.000000	 -500.000000	-500.000000	 -500.000000	-500.000000	 -500.000000	-500.000000	 -500.000000	-500.000000	 -500.000000	-500.000000	 -500.000000	-500.000000	 -500.000000	-500.000000	 -500.000000	-500.000000	 -500.000000	-500.000000	 -500.000000	-500.000000	 -500.000000	-500.000000	 -500.000000	-500.000000	 -500.000000	-500.000000	 -500.000000	-500.000000	 -500.000000	-500.000000	 -500.000000	-500.000000	 -500.000000	-500.000000	 -500.000000	-500.000000	 -500.000000	-500.000000	 -500.000000	-500.000000	 -500.000000	-500.000000	 -500.000000	-500.000000	 -500.000000	-500.000000	 -500.000000	-500.000000	 -500.000000	-500.000000	 -500.000000	-500.000000	 -500.000000	-500.000000	 -500.000000	-500.000000	 -500.000000	-500.000000	 -500.000000	-500.000000	 -500.000000	-500.000000	 -500.000000	-500.000000	 -500.000000	-500.000000	 -500.000000	-500.000000	 -500.000000	-500.000000	 -500.000000	-500.000000	 -500.000000	-500.000000	 -500.000000	-500.000000	 -500.000000	-500.000000	 -500.000000	-500.000000	 -500.000000	-500.000000	 -500.000000	-500.000000	 -500.000000	-500.000000	 -500.000000	-500.000000	 -500.000000	-500.000000	 -500.000000	-500.000000	 -500.000000	-500.000000	 -500.000000	-500.000000	 -500.000000	-500.000000	 -500.000000	-500.000000	 -500.000000	-500.000000	 -500.000000	-500.000000	 -500.000000	2.513193	 8.486807	
-500.000000	 -500.000000	-500.000000	 -500.000000	-500.000000	 -500.000000	-500.000000	 -500.000000	-500.000000	 -500.000000	-500.000000	 -500.000000	-500.000000	 -500.000000	-500.000000	 -500.000000	-500.000000	 -500.000000	-500.000000	 -500.000000	-500.000000	 -500.000000	-500.000000	 -500.000000	-500.000000	 -500.000000	-500.000000	 -500.000000	-500.000000	 -500.000000	-500.000000	 -500.000000	-500.000000	 -500.000000	-500.000000	 -500.000000	-500.000000	 -500.000000	-500.000000	 -500.000000	-500.000000	 -500.000000	-500.000000	 -500.000000	-500.000000	 -500.000000	-500.000000	 -500.000000	-500.000000	 -500.000000	-500.000000	 -500.000000	-500.000000	 -500.000000	-500.000000	 -500.000000	-500.000000	 -500.000000	-500.000000	 -500.000000	-500.000000	 -500.000000	-500.000000	 -500.000000	-500.000000	 -500.000000	-500.000000	 -500.000000	-500.000000	 -500.000000	-500.000000	 -500.000000	-500.000000	 -500.000000	-500.000000	 -500.000000	-500.000000	 -500.000000	-500.000000	 -500.000000	-500.000000	 -500.000000	-500.000000	 -500.000000	-500.000000	 -500.000000	-500.000000	 -500.000000	-500.000000	 -500.000000	-500.000000	 -500.000000	-500.000000	 -500.000000	-500.000000	 -500.000000	-500.000000	 -500.000000	-500.000000	 -500.000000	-500.000000	 -500.000000	-500.000000	 -500.000000	-500.000000	 -500.000000	-500.000000	 -500.000000	-500.000000	 -500.000000	-500.000000	 -500.000000	-500.000000	 -500.000000	-500.000000	 -500.000000	-500.000000	 -500.000000	-500.000000	 -500.000000	-500.000000	 -500.000000	-500.000000	 -500.000000	-500.000000	 -500.000000	-500.000000	 -500.000000	-500.000000	 -500.000000	-500.000000	 -500.000000	-500.000000	 -500.000000	-500.000000	 -500.000000	-500.000000	 -500.000000	-500.000000	 -500.000000	-500.000000	 -500.000000	-500.000000	 -500.000000	-500.000000	 -500.000000	-500.000000	 -500.000000	-500.000000	 -500.000000	-500.000000	 -500.000000	-500.000000	 -500.000000	-500.000000	 -500.000000	-500.000000	 -500.000000	-500.000000	 -500.000000	-500.000000	 -500.000000	-500.000000	 -500.000000	-500.000000	 -500.000000	-500.000000	 -500.000000	-500.000000	 -500.000000	-500.000000	 -500.000000	-500.000000	 -500.000000	-500.000000	 -500.000000	-500.000000	 -500.000000	2.473124	 8.526876	
-500.000000	 -500.000000	-500.000000	 -500.000000	-500.000000	 -500.000000	-500.000000	 -500.000000	-500.000000	 -500.000000	-500.000000	 -500.000000	-500.000000	 -500.000000	-500.000000	 -500.000000	-500.000000	 -500.000000	-500.000000	 -500.000000	-500.000000	 -500.000000	-500.000000	 -500.000000	-500.000000	 -500.000000	-500.000000	 -500.000000	-500.000000	 -500.000000	-500.000000	 -500.000000	-500.000000	 -500.000000	-500.000000	 -500.000000	-500.000000	 -500.000000	-500.000000	 -500.000000	-500.000000	 -500.000000	-500.000000	 -500.000000	-500.000000	 -500.000000	-500.000000	 -500.000000	-500.000000	 -500.000000	-500.000000	 -500.000000	-500.000000	 -500.000000	-500.000000	 -500.000000	-500.000000	 -500.000000	-500.000000	 -500.000000	-500.000000	 -500.000000	-500.000000	 -500.000000	-500.000000	 -500.000000	-500.000000	 -500.000000	-500.000000	 -500.000000	-500.000000	 -500.000000	-500.000000	 -500.000000	-500.000000	 -500.000000	-500.000000	 -500.000000	-500.000000	 -500.000000	-500.000000	 -500.000000	-500.000000	 -500.000000	-500.000000	 -500.000000	-500.000000	 -500.000000	-500.000000	 -500.000000	-500.000000	 -500.000000	-500.000000	 -500.000000	-500.000000	 -500.000000	-500.000000	 -500.000000	-500.000000	 -500.000000	-500.000000	 -500.000000	-500.000000	 -500.000000	-500.000000	 -500.000000	-500.000000	 -500.000000	-500.000000	 -500.000000	-500.000000	 -500.000000	-500.000000	 -500.000000	-500.000000	 -500.000000	-500.000000	 -500.000000	-500.000000	 -500.000000	-500.000000	 -500.000000	-500.000000	 -500.000000	-500.000000	 -500.000000	-500.000000	 -500.000000	-500.000000	 -500.000000	-500.000000	 -500.000000	-500.000000	 -500.000000	-500.000000	 -500.000000	-500.000000	 -500.000000	-500.000000	 -500.000000	-500.000000	 -500.000000	-500.000000	 -500.000000	-500.000000	 -500.000000	-500.000000	 -500.000000	-500.000000	 -500.000000	-500.000000	 -500.000000	-500.000000	 -500.000000	-500.000000	 -500.000000	-500.000000	 -500.000000	-500.000000	 -500.000000	-500.000000	 -500.000000	-500.000000	 -500.000000	-500.000000	 -500.000000	-500.000000	 -500.000000	-500.000000	 -500.000000	-500.000000	 -500.000000	-500.000000	 -500.000000	-500.000000	 -500.000000	-500.000000	 -500.000000	2.433054	 8.566946	
-500.000000	 -500.000000	-500.000000	 -500.000000	-500.000000	 -500.000000	-500.000000	 -500.000000	-500.000000	 -500.000000	-500.000000	 -500.000000	-500.000000	 -500.000000	-500.000000	 -500.000000	-500.000000	 -500.000000	-500.000000	 -500.000000	-500.000000	 -500.000000	-500.000000	 -500.000000	-500.000000	 -500.000000	-500.000000	 -500.000000	-500.000000	 -500.000000	-500.000000	 -500.000000	-500.000000	 -500.000000	-500.000000	 -500.000000	-500.000000	 -500.000000	-500.000000	 -500.000000	-500.000000	 -500.000000	-500.000000	 -500.000000	-500.000000	 -500.000000	-500.000000	 -500.000000	-500.000000	 -500.000000	-500.000000	 -500.000000	-500.000000	 -500.000000	-500.000000	 -500.000000	-500.000000	 -500.000000	-500.000000	 -500.000000	-500.000000	 -500.000000	-500.000000	 -500.000000	-500.000000	 -500.000000	-500.000000	 -500.000000	-500.000000	 -500.000000	-500.000000	 -500.000000	-500.000000	 -500.000000	-500.000000	 -500.000000	-500.000000	 -500.000000	-500.000000	 -500.000000	-500.000000	 -500.000000	-500.000000	 -500.000000	-500.000000	 -500.000000	-500.000000	 -500.000000	-500.000000	 -500.000000	-500.000000	 -500.000000	-500.000000	 -500.000000	-500.000000	 -500.000000	-500.000000	 -500.000000	-500.000000	 -500.000000	-500.000000	 -500.000000	-500.000000	 -500.000000	-500.000000	 -500.000000	-500.000000	 -500.000000	-500.000000	 -500.000000	-500.000000	 -500.000000	-500.000000	 -500.000000	-500.000000	 -500.000000	-500.000000	 -500.000000	-500.000000	 -500.000000	-500.000000	 -500.000000	-500.000000	 -500.000000	-500.000000	 -500.000000	-500.000000	 -500.000000	-500.000000	 -500.000000	-500.000000	 -500.000000	-500.000000	 -500.000000	-500.000000	 -500.000000	-500.000000	 -500.000000	-500.000000	 -500.000000	-500.000000	 -500.000000	-500.000000	 -500.000000	-500.000000	 -500.000000	-500.000000	 -500.000000	-500.000000	 -500.000000	-500.000000	 -500.000000	-500.000000	 -500.000000	-500.000000	 -500.000000	-500.000000	 -500.000000	-500.000000	 -500.000000	-500.000000	 -500.000000	-500.000000	 -500.000000	-500.000000	 -500.000000	-500.000000	 -500.000000	-500.000000	 -500.000000	-500.000000	 -500.000000	-500.000000	 -500.000000	-500.000000	 -500.000000	-500.000000	 -500.000000	2.392985	 8.607015	
-500.000000	 -500.000000	-500.000000	 -500.000000	-500.000000	 -500.000000	-500.000000	 -500.000000	-500.000000	 -500.000000	-500.000000	 -500.000000	-500.000000	 -500.000000	-500.000000	 -500.000000	-500.000000	 -500.000000	-500.000000	 -500.000000	-500.000000	 -500.000000	-500.000000	 -500.000000	-500.000000	 -500.000000	-500.000000	 -500.000000	-500.000000	 -500.000000	-500.000000	 -500.000000	-500.000000	 -500.000000	-500.000000	 -500.000000	-500.000000	 -500.000000	-500.000000	 -500.000000	-500.000000	 -500.000000	-500.000000	 -500.000000	-500.000000	 -500.000000	-500.000000	 -500.000000	-500.000000	 -500.000000	-500.000000	 -500.000000	-500.000000	 -500.000000	-500.000000	 -500.000000	-500.000000	 -500.000000	-500.000000	 -500.000000	-500.000000	 -500.000000	-500.000000	 -500.000000	-500.000000	 -500.000000	-500.000000	 -500.000000	-500.000000	 -500.000000	-500.000000	 -500.000000	-500.000000	 -500.000000	-500.000000	 -500.000000	-500.000000	 -500.000000	-500.000000	 -500.000000	-500.000000	 -500.000000	-500.000000	 -500.000000	-500.000000	 -500.000000	-500.000000	 -500.000000	-500.000000	 -500.000000	-500.000000	 -500.000000	-500.000000	 -500.000000	-500.000000	 -500.000000	-500.000000	 -500.000000	-500.000000	 -500.000000	-500.000000	 -500.000000	-500.000000	 -500.000000	-500.000000	 -500.000000	-500.000000	 -500.000000	-500.000000	 -500.000000	-500.000000	 -500.000000	-500.000000	 -500.000000	-500.000000	 -500.000000	-500.000000	 -500.000000	-500.000000	 -500.000000	-500.000000	 -500.000000	-500.000000	 -500.000000	-500.000000	 -500.000000	-500.000000	 -500.000000	-500.000000	 -500.000000	-500.000000	 -500.000000	-500.000000	 -500.000000	-500.000000	 -500.000000	-500.000000	 -500.000000	-500.000000	 -500.000000	-500.000000	 -500.000000	-500.000000	 -500.000000	-500.000000	 -500.000000	-500.000000	 -500.000000	-500.000000	 -500.000000	-500.000000	 -500.000000	-500.000000	 -500.000000	-500.000000	 -500.000000	-500.000000	 -500.000000	-500.000000	 -500.000000	-500.000000	 -500.000000	-500.000000	 -500.000000	-500.000000	 -500.000000	-500.000000	 -500.000000	-500.000000	 -500.000000	-500.000000	 -500.000000	-500.000000	 -500.000000	-500.000000	 -500.000000	-500.000000	 -500.000000	2.352916	 8.647084	
-500.000000	 -500.000000	-500.000000	 -500.000000	-500.000000	 -500.000000	-500.000000	 -500.000000	-500.000000	 -500.000000	-500.000000	 -500.000000	-500.000000	 -500.000000	-500.000000	 -500.000000	-500.000000	 -500.000000	-500.000000	 -500.000000	-500.000000	 -500.000000	-500.000000	 -500.000000	-500.000000	 -500.000000	-500.000000	 -500.000000	-500.000000	 -500.000000	-500.000000	 -500.000000	-500.000000	 -500.000000	-500.000000	 -500.000000	-500.000000	 -500.000000	-500.000000	 -500.000000	-500.000000	 -500.000000	-500.000000	 -500.000000	-500.000000	 -500.000000	-500.000000	 -500.000000	-500.000000	 -500.000000	-500.000000	 -500.000000	-500.000000	 -500.000000	-500.000000	 -500.000000	-500.000000	 -500.000000	-500.000000	 -500.000000	-500.000000	 -500.000000	-500.000000	 -500.000000	-500.000000	 -500.000000	-500.000000	 -500.000000	-500.000000	 -500.000000	-500.000000	 -500.000000	-500.000000	 -500.000000	-500.000000	 -500.000000	-500.000000	 -500.000000	-500.000000	 -500.000000	-500.000000	 -500.000000	-500.000000	 -500.000000	-500.000000	 -500.000000	-500.000000	 -500.000000	-500.000000	 -500.000000	-500.000000	 -500.000000	-500.000000	 -500.000000	-500.000000	 -500.000000	-500.000000	 -500.000000	-500.000000	 -500.000000	-500.000000	 -500.000000	-500.000000	 -500.000000	-500.000000	 -500.000000	-500.000000	 -500.000000	-500.000000	 -500.000000	-500.000000	 -500.000000	-500.000000	 -500.000000	-500.000000	 -500.000000	-500.000000	 -500.000000	-500.000000	 -500.000000	-500.000000	 -500.000000	-500.000000	 -500.000000	-500.000000	 -500.000000	-500.000000	 -500.000000	-500.000000	 -500.000000	-500.000000	 -500.000000	-500.000000	 -500.000000	-500.000000	 -500.000000	-500.000000	 -500.000000	-500.000000	 -500.000000	-500.000000	 -500.000000	-500.000000	 -500.000000	-500.000000	 -500.000000	-500.000000	 -500.000000	-500.000000	 -500.000000	-500.000000	 -500.000000	-500.000000	 -500.000000	-500.000000	 -500.000000	-500.000000	 -500.000000	-500.000000	 -500.000000	-500.000000	 -500.000000	-500.000000	 -500.000000	-500.000000	 -500.000000	-500.000000	 -500.000000	-500.000000	 -500.000000	-500.000000	 -500.000000	-500.000000	 -500.000000	-500.000000	 -500.000000	-500.000000	 -500.000000	2.312846	 8.687154	
-500.000000	 -500.000000	-500.000000	 -500.000000	-500.000000	 -500.000000	-500.000000	 -500.000000	-500.000000	 -500.000000	-500.000000	 -500.000000	-500.000000	 -500.000000	-500.000000	 -500.000000	-500.000000	 -500.000000	-500.000000	 -500.000000	-500.000000	 -500.000000	-500.000000	 -500.000000	-500.000000	 -500.000000	-500.000000	 -500.000000	-500.000000	 -500.000000	-500.000000	 -500.000000	-500.000000	 -500.000000	-500.000000	 -500.000000	-500.000000	 -500.000000	-500.000000	 -500.000000	-500.000000	 -500.000000	-500.000000	 -500.000000	-500.000000	 -500.000000	-500.000000	 -500.000000	-500.000000	 -500.000000	-500.000000	 -500.000000	-500.000000	 -500.000000	-500.000000	 -500.000000	-500.000000	 -500.000000	-500.000000	 -500.000000	-500.000000	 -500.000000	-500.000000	 -500.000000	-500.000000	 -500.000000	-500.000000	 -500.000000	-500.000000	 -500.000000	-500.000000	 -500.000000	-500.000000	 -500.000000	-500.000000	 -500.000000	-500.000000	 -500.000000	-500.000000	 -500.000000	-500.000000	 -500.000000	-500.000000	 -500.000000	-500.000000	 -500.000000	-500.000000	 -500.000000	-500.000000	 -500.000000	-500.000000	 -500.000000	-500.000000	 -500.000000	-500.000000	 -500.000000	-500.000000	 -500.000000	-500.000000	 -500.000000	-500.000000	 -500.000000	-500.000000	 -500.000000	-500.000000	 -500.000000	-500.000000	 -500.000000	-500.000000	 -500.000000	-500.000000	 -500.000000	-500.000000	 -500.000000	-500.000000	 -500.000000	-500.000000	 -500.000000	-500.000000	 -500.000000	-500.000000	 -500.000000	-500.000000	 -500.000000	-500.000000	 -500.000000	-500.000000	 -500.000000	-500.000000	 -500.000000	-500.000000	 -500.000000	-500.000000	 -500.000000	-500.000000	 -500.000000	-500.000000	 -500.000000	-500.000000	 -500.000000	-500.000000	 -500.000000	-500.000000	 -500.000000	-500.000000	 -500.000000	-500.000000	 -500.000000	-500.000000	 -500.000000	-500.000000	 -500.000000	-500.000000	 -500.000000	-500.000000	 -500.000000	-500.000000	 -500.000000	-500.000000	 -500.000000	-500.000000	 -500.000000	-500.000000	 -500.000000	-500.000000	 -500.000000	-500.000000	 -500.000000	-500.000000	 -500.000000	-500.000000	 -500.000000	-500.000000	 -500.000000	-500.000000	 -500.000000	-500.000000	 -500.000000	2.272777	 8.727223	
-500.000000	 -500.000000	-500.000000	 -500.000000	-500.000000	 -500.000000	-500.000000	 -500.000000	-500.000000	 -500.000000	-500.000000	 -500.000000	-500.000000	 -500.000000	-500.000000	 -500.000000	-500.000000	 -500.000000	-500.000000	 -500.000000	-500.000000	 -500.000000	-500.000000	 -500.000000	-500.000000	 -500.000000	-500.000000	 -500.000000	-500.000000	 -500.000000	-500.000000	 -500.000000	-500.000000	 -500.000000	-500.000000	 -500.000000	-500.000000	 -500.000000	-500.000000	 -500.000000	-500.000000	 -500.000000	-500.000000	 -500.000000	-500.000000	 -500.000000	-500.000000	 -500.000000	-500.000000	 -500.000000	-500.000000	 -500.000000	-500.000000	 -500.000000	-500.000000	 -500.000000	-500.000000	 -500.000000	-500.000000	 -500.000000	-500.000000	 -500.000000	-500.000000	 -500.000000	-500.000000	 -500.000000	-500.000000	 -500.000000	-500.000000	 -500.000000	-500.000000	 -500.000000	-500.000000	 -500.000000	-500.000000	 -500.000000	-500.000000	 -500.000000	-500.000000	 -500.000000	-500.000000	 -500.000000	-500.000000	 -500.000000	-500.000000	 -500.000000	-500.000000	 -500.000000	-500.000000	 -500.000000	-500.000000	 -500.000000	-500.000000	 -500.000000	-500.000000	 -500.000000	-500.000000	 -500.000000	-500.000000	 -500.000000	-500.000000	 -500.000000	-500.000000	 -500.000000	-500.000000	 -500.000000	-500.000000	 -500.000000	-500.000000	 -500.000000	-500.000000	 -500.000000	-500.000000	 -500.000000	-500.000000	 -500.000000	-500.000000	 -500.000000	-500.000000	 -500.000000	-500.000000	 -500.000000	-500.000000	 -500.000000	-500.000000	 -500.000000	-500.000000	 -500.000000	-500.000000	 -500.000000	-500.000000	 -500.000000	-500.000000	 -500.000000	-500.000000	 -500.000000	-500.000000	 -500.000000	-500.000000	 -500.000000	-500.000000	 -500.000000	-500.000000	 -500.000000	-500.000000	 -500.000000	-500.000000	 -500.000000	-500.000000	 -500.000000	-500.000000	 -500.000000	-500.000000	 -500.000000	-500.000000	 -500.000000	-500.000000	 -500.000000	-500.000000	 -500.000000	-500.000000	 -500.000000	-500.000000	 -500.000000	-500.000000	 -500.000000	-500.000000	 -500.000000	-500.000000	 -500.000000	-500.000000	 -500.000000	-500.000000	 -500.000000	-500.000000	 -500.000000	-500.000000	 -500.000000	2.232708	 8.767292	
-500.000000	 -500.000000	-500.000000	 -500.000000	-500.000000	 -500.000000	-500.000000	 -500.000000	-500.000000	 -500.000000	-500.000000	 -500.000000	-500.000000	 -500.000000	-500.000000	 -500.000000	-500.000000	 -500.000000	-500.000000	 -500.000000	-500.000000	 -500.000000	-500.000000	 -500.000000	-500.000000	 -500.000000	-500.000000	 -500.000000	-500.000000	 -500.000000	-500.000000	 -500.000000	-500.000000	 -500.000000	-500.000000	 -500.000000	-500.000000	 -500.000000	-500.000000	 -500.000000	-500.000000	 -500.000000	-500.000000	 -500.000000	-500.000000	 -500.000000	-500.000000	 -500.000000	-500.000000	 -500.000000	-500.000000	 -500.000000	-500.000000	 -500.000000	-500.000000	 -500.000000	-500.000000	 -500.000000	-500.000000	 -500.000000	-500.000000	 -500.000000	-500.000000	 -500.000000	-500.000000	 -500.000000	-500.000000	 -500.000000	-500.000000	 -500.000000	-500.000000	 -500.000000	-500.000000	 -500.000000	-500.000000	 -500.000000	-500.000000	 -500.000000	-500.000000	 -500.000000	-500.000000	 -500.000000	-500.000000	 -500.000000	-500.000000	 -500.000000	-500.000000	 -500.000000	-500.000000	 -500.000000	-500.000000	 -500.000000	-500.000000	 -500.000000	-500.000000	 -500.000000	-500.000000	 -500.000000	-500.000000	 -500.000000	-500.000000	 -500.000000	-500.000000	 -500.000000	-500.000000	 -500.000000	-500.000000	 -500.000000	-500.000000	 -500.000000	-500.000000	 -500.000000	-500.000000	 -500.000000	-500.000000	 -500.000000	-500.000000	 -500.000000	-500.000000	 -500.000000	-500.000000	 -500.000000	-500.000000	 -500.000000	-500.000000	 -500.000000	-500.000000	 -500.000000	-500.000000	 -500.000000	-500.000000	 -500.000000	-500.000000	 -500.000000	-500.000000	 -500.000000	-500.000000	 -500.000000	-500.000000	 -500.000000	-500.000000	 -500.000000	-500.000000	 -500.000000	-500.000000	 -500.000000	-500.000000	 -500.000000	-500.000000	 -500.000000	-500.000000	 -500.000000	-500.000000	 -500.000000	-500.000000	 -500.000000	-500.000000	 -500.000000	-500.000000	 -500.000000	-500.000000	 -500.000000	-500.000000	 -500.000000	-500.000000	 -500.000000	-500.000000	 -500.000000	-500.000000	 -500.000000	-500.000000	 -500.000000	-500.000000	 -500.000000	-500.000000	 -500.000000	-500.000000	 -500.000000	2.192638	 8.807362	
-500.000000	 -500.000000	-500.000000	 -500.000000	-500.000000	 -500.000000	-500.000000	 -500.000000	-500.000000	 -500.000000	-500.000000	 -500.000000	-500.000000	 -500.000000	-500.000000	 -500.000000	-500.000000	 -500.000000	-500.000000	 -500.000000	-500.000000	 -500.000000	-500.000000	 -500.000000	-500.000000	 -500.000000	-500.000000	 -500.000000	-500.000000	 -500.000000	-500.000000	 -500.000000	-500.000000	 -500.000000	-500.000000	 -500.000000	-500.000000	 -500.000000	-500.000000	 -500.000000	-500.000000	 -500.000000	-500.000000	 -500.000000	-500.000000	 -500.000000	-500.000000	 -500.000000	-500.000000	 -500.000000	-500.000000	 -500.000000	-500.000000	 -500.000000	-500.000000	 -500.000000	-500.000000	 -500.000000	-500.000000	 -500.000000	-500.000000	 -500.000000	-500.000000	 -500.000000	-500.000000	 -500.000000	-500.000000	 -500.000000	-500.000000	 -500.000000	-500.000000	 -500.000000	-500.000000	 -500.000000	-500.000000	 -500.000000	-500.000000	 -500.000000	-500.000000	 -500.000000	-500.000000	 -500.000000	-500.000000	 -500.000000	-500.000000	 -500.000000	-500.000000	 -500.000000	-500.000000	 -500.000000	-500.000000	 -500.000000	-500.000000	 -500.000000	-500.000000	 -500.000000	-500.000000	 -500.000000	-500.000000	 -500.000000	-500.000000	 -500.000000	-500.000000	 -500.000000	-500.000000	 -500.000000	-500.000000	 -500.000000	-500.000000	 -500.000000	-500.000000	 -500.000000	-500.000000	 -500.000000	-500.000000	 -500.000000	-500.000000	 -500.000000	-500.000000	 -500.000000	-500.000000	 -500.000000	-500.000000	 -500.000000	-500.000000	 -500.000000	-500.000000	 -500.000000	-500.000000	 -500.000000	-500.000000	 -500.000000	-500.000000	 -500.000000	-500.000000	 -500.000000	-500.000000	 -500.000000	-500.000000	 -500.000000	-500.000000	 -500.000000	-500.000000	 -500.000000	-500.000000	 -500.000000	-500.000000	 -500.000000	-500.000000	 -500.000000	-500.000000	 -500.000000	-500.000000	 -500.000000	-500.000000	 -500.000000	-500.000000	 -500.000000	-500.000000	 -500.000000	-500.000000	 -500.000000	-500.000000	 -500.000000	-500.000000	 -500.000000	-500.000000	 -500.000000	-500.000000	 -500.000000	-500.000000	 -500.000000	-500.000000	 -500.000000	-500.000000	 -500.000000	-500.000000	 -500.000000	2.152569	 8.847431	
-500.000000	 -500.000000	-500.000000	 -500.000000	-500.000000	 -500.000000	-500.000000	 -500.000000	-500.000000	 -500.000000	-500.000000	 -500.000000	-500.000000	 -500.000000	-500.000000	 -500.000000	-500.000000	 -500.000000	-500.000000	 -500.000000	-500.000000	 -500.000000	-500.000000	 -500.000000	-500.000000	 -500.000000	-500.000000	 -500.000000	-500.000000	 -500.000000	-500.000000	 -500.000000	-500.000000	 -500.000000	-500.000000	 -500.000000	-500.000000	 -500.000000	-500.000000	 -500.000000	-500.000000	 -500.000000	-500.000000	 -500.000000	-500.000000	 -500.000000	-500.000000	 -500.000000	-500.000000	 -500.000000	-500.000000	 -500.000000	-500.000000	 -500.000000	-500.000000	 -500.000000	-500.000000	 -500.000000	-500.000000	 -500.000000	-500.000000	 -500.000000	-500.000000	 -500.000000	-500.000000	 -500.000000	-500.000000	 -500.000000	-500.000000	 -500.000000	-500.000000	 -500.000000	-500.000000	 -500.000000	-500.000000	 -500.000000	-500.000000	 -500.000000	-500.000000	 -500.000000	-500.000000	 -500.000000	-500.000000	 -500.000000	-500.000000	 -500.000000	-500.000000	 -500.000000	-500.000000	 -500.000000	-500.000000	 -500.000000	-500.000000	 -500.000000	-500.000000	 -500.000000	-500.000000	 -500.000000	-500.000000	 -500.000000	-500.000000	 -500.000000	-500.000000	 -500.000000	-500.000000	 -500.000000	-500.000000	 -500.000000	-500.000000	 -500.000000	-500.000000	 -500.000000	-500.000000	 -500.000000	-500.000000	 -500.000000	-500.000000	 -500.000000	-500.000000	 -500.000000	-500.000000	 -500.000000	-500.000000	 -500.000000	-500.000000	 -500.000000	-500.000000	 -500.000000	-500.000000	 -500.000000	-500.000000	 -500.000000	-500.000000	 -500.000000	-500.000000	 -500.000000	-500.000000	 -500.000000	-500.000000	 -500.000000	-500.000000	 -500.000000	-500.000000	 -500.000000	-500.000000	 -500.000000	-500.000000	 -500.000000	-500.000000	 -500.000000	-500.000000	 -500.000000	-500.000000	 -500.000000	-500.000000	 -500.000000	-500.000000	 -500.000000	-500.000000	 -500.000000	-500.000000	 -500.000000	-500.000000	 -500.000000	-500.000000	 -500.000000	-500.000000	 -500.000000	-500.000000	 -500.000000	-500.000000	 -500.000000	-500.000000	 -500.000000	-500.000000	 -500.000000	-500.000000	 -500.000000	2.112499	 8.887501	
-500.000000	 -500.000000	-500.000000	 -500.000000	-500.000000	 -500.000000	-500.000000	 -500.000000	-500.000000	 -500.000000	-500.000000	 -500.000000	-500.000000	 -500.000000	-500.000000	 -500.000000	-500.000000	 -500.000000	-500.000000	 -500.000000	-500.000000	 -500.000000	-500.000000	 -500.000000	-500.000000	 -500.000000	-500.000000	 -500.000000	-500.000000	 -500.000000	-500.000000	 -500.000000	-500.000000	 -500.000000	-500.000000	 -500.000000	-500.000000	 -500.000000	-500.000000	 -500.000000	-500.000000	 -500.000000	-500.000000	 -500.000000	-500.000000	 -500.000000	-500.000000	 -500.000000	-500.000000	 -500.000000	-500.000000	 -500.000000	-500.000000	 -500.000000	-500.000000	 -500.000000	-500.000000	 -500.000000	-500.000000	 -500.000000	-500.000000	 -500.000000	-500.000000	 -500.000000	-500.000000	 -500.000000	-500.000000	 -500.000000	-500.000000	 -500.000000	-500.000000	 -500.000000	-500.000000	 -500.000000	-500.000000	 -500.000000	-500.000000	 -500.000000	-500.000000	 -500.000000	-500.000000	 -500.000000	-500.000000	 -500.000000	-500.000000	 -500.000000	-500.000000	 -500.000000	-500.000000	 -500.000000	-500.000000	 -500.000000	-500.000000	 -500.000000	-500.000000	 -500.000000	-500.000000	 -500.000000	-500.000000	 -500.000000	-500.000000	 -500.000000	-500.000000	 -500.000000	-500.000000	 -500.000000	-500.000000	 -500.000000	-500.000000	 -500.000000	-500.000000	 -500.000000	-500.000000	 -500.000000	-500.000000	 -500.000000	-500.000000	 -500.000000	-500.000000	 -500.000000	-500.000000	 -500.000000	-500.000000	 -500.000000	-500.000000	 -500.000000	-500.000000	 -500.000000	-500.000000	 -500.000000	-500.000000	 -500.000000	-500.000000	 -500.000000	-500.000000	 -500.000000	-500.000000	 -500.000000	-500.000000	 -500.000000	-500.000000	 -500.000000	-500.000000	 -500.000000	-500.000000	 -500.000000	-500.000000	 -500.000000	-500.000000	 -500.000000	-500.000000	 -500.000000	-500.000000	 -500.000000	-500.000000	 -500.000000	-500.000000	 -500.000000	-500.000000	 -500.000000	-500.000000	 -500.000000	-500.000000	 -500.000000	-500.000000	 -500.000000	-500.000000	 -500.000000	-500.000000	 -500.000000	-500.000000	 -500.000000	-500.000000	 -500.000000	-500.000000	 -500.000000	-500.000000	 -500.000000	2.072430	 8.927570	
-500.000000	 -500.000000	-500.000000	 -500.000000	-500.000000	 -500.000000	-500.000000	 -500.000000	-500.000000	 -500.000000	-500.000000	 -500.000000	-500.000000	 -500.000000	-500.000000	 -500.000000	-500.000000	 -500.000000	-500.000000	 -500.000000	-500.000000	 -500.000000	-500.000000	 -500.000000	-500.000000	 -500.000000	-500.000000	 -500.000000	-500.000000	 -500.000000	-500.000000	 -500.000000	-500.000000	 -500.000000	-500.000000	 -500.000000	-500.000000	 -500.000000	-500.000000	 -500.000000	-500.000000	 -500.000000	-500.000000	 -500.000000	-500.000000	 -500.000000	-500.000000	 -500.000000	-500.000000	 -500.000000	-500.000000	 -500.000000	-500.000000	 -500.000000	-500.000000	 -500.000000	-500.000000	 -500.000000	-500.000000	 -500.000000	-500.000000	 -500.000000	-500.000000	 -500.000000	-500.000000	 -500.000000	-500.000000	 -500.000000	-500.000000	 -500.000000	-500.000000	 -500.000000	-500.000000	 -500.000000	-500.000000	 -500.000000	-500.000000	 -500.000000	-500.000000	 -500.000000	-500.000000	 -500.000000	-500.000000	 -500.000000	-500.000000	 -500.000000	-500.000000	 -500.000000	-500.000000	 -500.000000	-500.000000	 -500.000000	-500.000000	 -500.000000	-500.000000	 -500.000000	-500.000000	 -500.000000	-500.000000	 -500.000000	-500.000000	 -500.000000	-500.000000	 -500.000000	-500.000000	 -500.000000	-500.000000	 -500.000000	-500.000000	 -500.000000	-500.000000	 -500.000000	-500.000000	 -500.000000	-500.000000	 -500.000000	-500.000000	 -500.000000	-500.000000	 -500.000000	-500.000000	 -500.000000	-500.000000	 -500.000000	-500.000000	 -500.000000	-500.000000	 -500.000000	-500.000000	 -500.000000	-500.000000	 -500.000000	-500.000000	 -500.000000	-500.000000	 -500.000000	-500.000000	 -500.000000	-500.000000	 -500.000000	-500.000000	 -500.000000	-500.000000	 -500.000000	-500.000000	 -500.000000	-500.000000	 -500.000000	-500.000000	 -500.000000	-500.000000	 -500.000000	-500.000000	 -500.000000	-500.000000	 -500.000000	-500.000000	 -500.000000	-500.000000	 -500.000000	-500.000000	 -500.000000	-500.000000	 -500.000000	-500.000000	 -500.000000	-500.000000	 -500.000000	-500.000000	 -500.000000	-500.000000	 -500.000000	-500.000000	 -500.000000	-500.000000	 -500.000000	-500.000000	 -500.000000	2.032361	 8.967639	
-500.000000	 -500.000000	-500.000000	 -500.000000	-500.000000	 -500.000000	-500.000000	 -500.000000	-500.000000	 -500.000000	-500.000000	 -500.000000	-500.000000	 -500.000000	-500.000000	 -500.000000	-500.000000	 -500.000000	-500.000000	 -500.000000	-500.000000	 -500.000000	-500.000000	 -500.000000	-500.000000	 -500.000000	-500.000000	 -500.000000	-500.000000	 -500.000000	-500.000000	 -500.000000	-500.000000	 -500.000000	-500.000000	 -500.000000	-500.000000	 -500.000000	-500.000000	 -500.000000	-500.000000	 -500.000000	-500.000000	 -500.000000	-500.000000	 -500.000000	-500.000000	 -500.000000	-500.000000	 -500.000000	-500.000000	 -500.000000	-500.000000	 -500.000000	-500.000000	 -500.000000	-500.000000	 -500.000000	-500.000000	 -500.000000	-500.000000	 -500.000000	-500.000000	 -500.000000	-500.000000	 -500.000000	-500.000000	 -500.000000	-500.000000	 -500.000000	-500.000000	 -500.000000	-500.000000	 -500.000000	-500.000000	 -500.000000	-500.000000	 -500.000000	-500.000000	 -500.000000	-500.000000	 -500.000000	-500.000000	 -500.000000	-500.000000	 -500.000000	-500.000000	 -500.000000	-500.000000	 -500.000000	-500.000000	 -500.000000	-500.000000	 -500.000000	-500.000000	 -500.000000	-500.000000	 -500.000000	-500.000000	 -500.000000	-500.000000	 -500.000000	-500.000000	 -500.000000	-500.000000	 -500.000000	-500.000000	 -500.000000	-500.000000	 -500.000000	-500.000000	 -500.000000	-500.000000	 -500.000000	-500.000000	 -500.000000	-500.000000	 -500.000000	-500.000000	 -500.000000	-500.000000	 -500.000000	-500.000000	 -500.000000	-500.000000	 -500.000000	-500.000000	 -500.000000	-500.000000	 -500.000000	-500.000000	 -500.000000	-500.000000	 -500.000000	-500.000000	 -500.000000	-500.000000	 -500.000000	-500.000000	 -500.000000	-500.000000	 -500.000000	-500.000000	 -500.000000	-500.000000	 -500.000000	-500.000000	 -500.000000	-500.000000	 -500.000000	-500.000000	 -500.000000	-500.000000	 -500.000000	-500.000000	 -500.000000	-500.000000	 -500.000000	-500.000000	 -500.000000	-500.000000	 -500.000000	-500.000000	 -500.000000	-500.000000	 -500.000000	-500.000000	 -500.000000	-500.000000	 -500.000000	-500.000000	 -500.000000	-500.000000	 -500.000000	-500.000000	 -500.000000	-500.000000	 -500.000000	1.992291	 9.007709	
-500.000000	 -500.000000	-500.000000	 -500.000000	-500.000000	 -500.000000	-500.000000	 -500.000000	-500.000000	 -500.000000	-500.000000	 -500.000000	-500.000000	 -500.000000	-500.000000	 -500.000000	-500.000000	 -500.000000	-500.000000	 -500.000000	-500.000000	 -500.000000	-500.000000	 -500.000000	-500.000000	 -500.000000	-500.000000	 -500.000000	-500.000000	 -500.000000	-500.000000	 -500.000000	-500.000000	 -500.000000	-500.000000	 -500.000000	-500.000000	 -500.000000	-500.000000	 -500.000000	-500.000000	 -500.000000	-500.000000	 -500.000000	-500.000000	 -500.000000	-500.000000	 -500.000000	-500.000000	 -500.000000	-500.000000	 -500.000000	-500.000000	 -500.000000	-500.000000	 -500.000000	-500.000000	 -500.000000	-500.000000	 -500.000000	-500.000000	 -500.000000	-500.000000	 -500.000000	-500.000000	 -500.000000	-500.000000	 -500.000000	-500.000000	 -500.000000	-500.000000	 -500.000000	-500.000000	 -500.000000	-500.000000	 -500.000000	-500.000000	 -500.000000	-500.000000	 -500.000000	-500.000000	 -500.000000	-500.000000	 -500.000000	-500.000000	 -500.000000	-500.000000	 -500.000000	-500.000000	 -500.000000	-500.000000	 -500.000000	-500.000000	 -500.000000	-500.000000	 -500.000000	-500.000000	 -500.000000	-500.000000	 -500.000000	-500.000000	 -500.000000	-500.000000	 -500.000000	-500.000000	 -500.000000	-500.000000	 -500.000000	-500.000000	 -500.000000	-500.000000	 -500.000000	-500.000000	 -500.000000	-500.000000	 -500.000000	-500.000000	 -500.000000	-500.000000	 -500.000000	-500.000000	 -500.000000	-500.000000	 -500.000000	-500.000000	 -500.000000	-500.000000	 -500.000000	-500.000000	 -500.000000	-500.000000	 -500.000000	-500.000000	 -500.000000	-500.000000	 -500.000000	-500.000000	 -500.000000	-500.000000	 -500.000000	-500.000000	 -500.000000	-500.000000	 -500.000000	-500.000000	 -500.000000	-500.000000	 -500.000000	-500.000000	 -500.000000	-500.000000	 -500.000000	-500.000000	 -500.000000	-500.000000	 -500.000000	-500.000000	 -500.000000	-500.000000	 -500.000000	-500.000000	 -500.000000	-500.000000	 -500.000000	-500.000000	 -500.000000	-500.000000	 -500.000000	-500.000000	 -500.000000	-500.000000	 -500.000000	-500.000000	 -500.000000	-500.000000	 -500.000000	-500.000000	 -500.000000	1.952222	 9.047778	
-500.000000	 -500.000000	-500.000000	 -500.000000	-500.000000	 -500.000000	-500.000000	 -500.000000	-500.000000	 -500.000000	-500.000000	 -500.000000	-500.000000	 -500.000000	-500.000000	 -500.000000	-500.000000	 -500.000000	-500.000000	 -500.000000	-500.000000	 -500.000000	-500.000000	 -500.000000	-500.000000	 -500.000000	-500.000000	 -500.000000	-500.000000	 -500.000000	-500.000000	 -500.000000	-500.000000	 -500.000000	-500.000000	 -500.000000	-500.000000	 -500.000000	-500.000000	 -500.000000	-500.000000	 -500.000000	-500.000000	 -500.000000	-500.000000	 -500.000000	-500.000000	 -500.000000	-500.000000	 -500.000000	-500.000000	 -500.000000	-500.000000	 -500.000000	-500.000000	 -500.000000	-500.000000	 -500.000000	-500.000000	 -500.000000	-500.000000	 -500.000000	-500.000000	 -500.000000	-500.000000	 -500.000000	-500.000000	 -500.000000	-500.000000	 -500.000000	-500.000000	 -500.000000	-500.000000	 -500.000000	-500.000000	 -500.000000	-500.000000	 -500.000000	-500.000000	 -500.000000	-500.000000	 -500.000000	-500.000000	 -500.000000	-500.000000	 -500.000000	-500.000000	 -500.000000	-500.000000	 -500.000000	-500.000000	 -500.000000	-500.000000	 -500.000000	-500.000000	 -500.000000	-500.000000	 -500.000000	-500.000000	 -500.000000	-500.000000	 -500.000000	-500.000000	 -500.000000	-500.000000	 -500.000000	-500.000000	 -500.000000	-500.000000	 -500.000000	-500.000000	 -500.000000	-500.000000	 -500.000000	-500.000000	 -500.000000	-500.000000	 -500.000000	-500.000000	 -500.000000	-500.000000	 -500.000000	-500.000000	 -500.000000	-500.000000	 -500.000000	-500.000000	 -500.000000	-500.000000	 -500.000000	-500.000000	 -500.000000	-500.000000	 -500.000000	-500.000000	 -500.000000	-500.000000	 -500.000000	-500.000000	 -500.000000	-500.000000	 -500.000000	-500.000000	 -500.000000	-500.000000	 -500.000000	-500.000000	 -500.000000	-500.000000	 -500.000000	-500.000000	 -500.000000	-500.000000	 -500.000000	-500.000000	 -500.000000	-500.000000	 -500.000000	-500.000000	 -500.000000	-500.000000	 -500.000000	-500.000000	 -500.000000	-500.000000	 -500.000000	-500.000000	 -500.000000	-500.000000	 -500.000000	-500.000000	 -500.000000	-500.000000	 -500.000000	-500.000000	 -500.000000	-500.000000	 -500.000000	-500.000000	 -500.000000	
-500.000000	 -500.000000	-500.000000	 -500.000000	-500.000000	 -500.000000	-500.000000	 -500.000000	-500.000000	 -500.000000	-500.000000	 -500.000000	-500.000000	 -500.000000	-500.000000	 -500.000000	-500.000000	 -500.000000	-500.000000	 -500.000000	-500.000000	 -500.000000	-500.000000	 -500.000000	-500.000000	 -500.000000	-500.000000	 -500.000000	-500.000000	 -500.000000	-500.000000	 -500.000000	-500.000000	 -500.000000	-500.000000	 -500.000000	-500.000000	 -500.000000	-500.000000	 -500.000000	-500.000000	 -500.000000	-500.000000	 -500.000000	-500.000000	 -500.000000	-500.000000	 -500.000000	-500.000000	 -500.000000	-500.000000	 -500.000000	-500.000000	 -500.000000	-500.000000	 -500.000000	-500.000000	 -500.000000	-500.000000	 -500.000000	-500.000000	 -500.000000	-500.000000	 -500.000000	-500.000000	 -500.000000	-500.000000	 -500.000000	-500.000000	 -500.000000	-500.000000	 -500.000000	-500.000000	 -500.000000	-500.000000	 -500.000000	-500.000000	 -500.000000	-500.000000	 -500.000000	-500.000000	 -500.000000	-500.000000	 -500.000000	-500.000000	 -500.000000	-500.000000	 -500.000000	-500.000000	 -500.000000	-500.000000	 -500.000000	-500.000000	 -500.000000	-500.000000	 -500.000000	-500.000000	 -500.000000	-500.000000	 -500.000000	-500.000000	 -500.000000	-500.000000	 -500.000000	-500.000000	 -500.000000	-500.000000	 -500.000000	-500.000000	 -500.000000	-500.000000	 -500.000000	-500.000000	 -500.000000	-500.000000	 -500.000000	-500.000000	 -500.000000	-500.000000	 -500.000000	-500.000000	 -500.000000	-500.000000	 -500.000000	-500.000000	 -500.000000	-500.000000	 -500.000000	-500.000000	 -500.000000	-500.000000	 -500.000000	-500.000000	 -500.000000	-500.000000	 -500.000000	-500.000000	 -500.000000	-500.000000	 -500.000000	-500.000000	 -500.000000	-500.000000	 -500.000000	-500.000000	 -500.000000	-500.000000	 -500.000000	-500.000000	 -500.000000	-500.000000	 -500.000000	-500.000000	 -500.000000	-500.000000	 -500.000000	-500.000000	 -500.000000	-500.000000	 -500.000000	-500.000000	 -500.000000	-500.000000	 -500.000000	-500.000000	 -500.000000	-500.000000	 -500.000000	-500.000000	 -500.000000	-500.000000	 -500.000000	-500.000000	 -500.000000	-500.000000	 -500.000000	1.683611	 8.650802	-500.000000	 -500.000000	
