ID	Radius 
0	0.5
1	0.35
2	0.5
3	0.55
4	0.35
5	0.3
6	0.5
7	0.3
8	0.4
9	0.4
10	0.4
11	0.35
12	0.5
13	0.35
14	0.4
15	0.4
16	0.3
17	0.45
18	0.4
19	0.5
20	0.3
21	0.45
22	0.45
23	0.35
24	0.35
25	0.35
26	0.3
27	0.35
28	0.3
29	0.5
30	0.4
31	0.3
32	0.4
33	0.55
34	0.55
35	0.35
36	0.3
37	0.35
38	0.3
39	0.35
40	0.45
41	0.55
42	0.5
43	0.45
44	0.5
45	0.45
46	0.45
47	0.55
48	0.3
49	0.5
50	0.35
51	0.35
52	0.55
53	0.3
54	0.55
55	0.5
56	0.3
57	0.55
58	0.45
59	0.55
60	0.45
61	0.55
62	0.35
63	0.35
64	0.35
65	0.3
66	0.55
67	0.35
68	0.55
69	0.4
70	0.3
71	0.3
72	0.4
73	0.5
74	0.45
75	0.45
76	0.5
77	0.3
78	0.3
79	0.4
80	0.55
81	0.35
82	0.5
83	0.5
84	0.3
85	0.45
86	0.45
87	0.3
88	0.45
89	0.55
90	0.55
91	0.5
92	0.5
93	0.4
94	0.35
95	0.4
96	0.55
97	0.55
98	0.3
99	0.5
100	0.5
101	0.4
102	0.4
103	0.4
104	0.55
105	0.3
106	0.3
107	0.35
108	0.5
109	0.45
110	0.55
111	0.3
112	0.45
113	0.55
114	0.55
115	0.55
116	0.4
117	0.5
118	0.5
119	0.5
120	0.4
121	0.5
122	0.35
123	0.35
124	0.3
125	0.45
126	0.5
127	0.3
128	0.35
129	0.4
130	0.3
131	0.35
132	0.35
133	0.5
134	0.3
135	0.45
136	0.55
137	0.3
138	0.45
139	0.35
140	0.55
141	0.4
142	0.5
143	0.55
144	0.4
145	0.3
146	0.55
147	0.5
148	0.3
149	0.35
150	0.5
151	0.4
152	0.5
153	0.35
154	0.55
155	0.5
156	0.55
157	0.55
158	0.3
159	0.5
160	0.3
161	0.3
162	0.55
163	0.55
164	0.35
165	0.35
166	0.3
167	0.45
168	0.45
169	0.4
170	0.3
171	0.5
172	0.4
173	0.55
174	0.35
175	0.35
176	0.4
177	0.45
178	0.45
179	0.35
180	0.5
181	0.55
182	0.4
183	0.5
184	0.3
185	0.4
186	0.4
187	0.35
188	0.4
189	0.55
190	0.55
191	0.5
192	0.3
193	0.35
194	0.4
195	0.4
196	0.45
197	0.45
198	0.35
199	0.3
200	0.35
201	0.5
202	0.5
203	0.45
204	0.35
205	0.3
206	0.35
207	0.45
208	0.35
209	0.4
210	0.3
211	0.4
212	0.5
213	0.4
214	0.3
215	0.3
216	0.35
217	0.35
218	0.55
219	0.55
220	0.55
221	0.4
222	0.45
223	0.3
224	0.45
225	0.3
226	0.35
227	0.55
228	0.55
229	0.55
230	0.35
231	0.35
232	0.4
233	0.3
234	0.55
235	0.55
236	0.5
237	0.55
238	0.5
239	0.5
240	0.55
241	0.5
242	0.45
243	0.3
244	0.4
245	0.4
246	0.4
247	0.4
248	0.55
249	0.45
250	0.5
251	0.45
252	0.55
253	0.45
254	0.3
255	0.3
256	0.3
257	0.5
258	0.4
259	0.55
260	0.45
261	0.4
262	0.4
263	0.5
264	0.3
265	0.35
266	0.55
267	0.55
268	0.5
269	0.3
270	0.45
271	0.35
272	0.35
273	0.3
274	0.45
275	0.45
276	0.35
277	0.3
278	0.35
279	0.35
280	0.3
281	0.35
282	0.3
283	0.5
284	0.3
285	0.55
286	0.45
287	0.45
288	0.3
289	0.55
290	0.3
291	0.55
292	0.4
293	0.35
294	0.3
295	0.55
296	0.45
297	0.4
298	0.55
299	0.35
300	0.3
301	0.3
302	0.3
303	0.3
304	0.4
305	0.45
306	0.4
307	0.3
308	0.4
309	0.35
310	0.3
311	0.5
312	0.3
313	0.3
314	0.3
315	0.5
316	0.45
317	0.35
318	0.3
319	0.4
320	0.55
321	0.45
322	0.55
323	0.4
324	0.4
325	0.4
326	0.55
327	0.4
328	0.35
329	0.4
330	0.3
331	0.45
332	0.3
333	0.45
334	0.5
335	0.3
336	0.55
337	0.3
338	0.5
339	0.55
340	0.3
341	0.45
342	0.3
343	0.3
344	0.3
345	0.5
346	0.35
347	0.35
348	0.45
349	0.35
350	0.55
351	0.45
352	0.3
353	0.5
354	0.4
355	0.35
356	0.55
357	0.5
358	0.35
359	0.3
360	0.3
361	0.5
362	0.35
363	0.55
364	0.5
365	0.5
366	0.5
367	0.55
368	0.35
369	0.35
370	0.3
371	0.45
372	0.55
373	0.55
374	0.4
375	0.55
376	0.55
377	0.45
378	0.4
379	0.3
380	0.4
381	0.5
382	0.45
383	0.3
384	0.55
385	0.4
386	0.45
387	0.4
388	0.4
389	0.55
390	0.55
391	0.55
392	0.55
393	0.3
394	0.3
395	0.3
396	0.45
397	0.55
398	0.3
399	0.45
400	0.35
401	0.35
402	0.45
403	0.4
404	0.3
405	0.3
406	0.4
407	0.5
408	0.3
409	0.3
410	0.35
411	0.3
412	0.3
413	0.55
414	0.3
415	0.4
416	0.35
417	0.35
418	0.45
419	0.45
420	0.55
421	0.55
422	0.5
423	0.55
424	0.3
425	0.55
426	0.55
427	0.3
428	0.3
429	0.45
430	0.3
431	0.4
432	0.5
433	0.45
434	0.55
435	0.4
436	0.45
437	0.35
438	0.45
439	0.4
440	0.4
441	0.3
442	0.3
443	0.35
444	0.55
445	0.45
446	0.45
447	0.5
448	0.35
449	0.5
450	0.4
451	0.5
452	0.5
453	0.3
454	0.3
455	0.45
456	0.5
457	0.55
458	0.4
459	0.45
460	0.4
461	0.3
462	0.3
463	0.55
464	0.35
465	0.45
466	0.5
467	0.5
468	0.5
469	0.55
470	0.35
471	0.35
472	0.4
473	0.4
474	0.3
475	0.55
476	0.3
477	0.35
478	0.45
479	0.5
480	0.55
481	0.45
482	0.35
483	0.55
484	0.4
485	0.55
486	0.3
487	0.3
488	0.5
489	0.3
490	0.55
491	0.45
492	0.5
493	0.45
494	0.4
495	0.5
496	0.55
497	0.35
498	0.45
499	0.4
500	0.3
501	0.5
502	0.45
503	0.55
504	0.5
505	0.5
506	0.55
507	0.3
508	0.35
509	0.45
510	0.5
511	0.35
512	0.5
513	0.5
514	0.55
515	0.35
516	0.4
517	0.3
518	0.35
519	0.4
520	0.35
521	0.45
522	0.5
523	0.35
524	0.4
525	0.3
526	0.3
527	0.35
528	0.55
529	0.4
530	0.45
531	0.45
532	0.3
533	0.4
534	0.5
535	0.45
536	0.45
537	0.45
538	0.4
539	0.45
540	0.45
541	0.5
542	0.55
543	0.35
544	0.5
545	0.5
546	0.5
547	0.5
548	0.55
549	0.5
550	0.5
551	0.5
552	0.4
553	0.55
554	0.45
555	0.55
556	0.4
557	0.45
558	0.55
559	0.55
560	0.5
561	0.35
562	0.3
563	0.4
564	0.4
565	0.35
566	0.5
567	0.5
568	0.5
569	0.5
570	0.35
571	0.55
572	0.4
573	0.55
574	0.5
575	0.4
576	0.55
577	0.3
578	0.45
579	0.4
580	0.45
581	0.35
582	0.45
583	0.5
584	0.55
585	0.3
586	0.45
587	0.55
588	0.45
589	0.55
590	0.45
591	0.5
592	0.5
593	0.55
594	0.3
595	0.4
596	0.45
597	0.45
598	0.45
599	0.45
600	0.55
601	0.5
602	0.5
603	0.55
604	0.5
605	0.4
606	0.35
607	0.3
608	0.5
609	0.45
610	0.45
611	0.45
612	0.4
613	0.55
614	0.55
615	0.55
616	0.4
617	0.35
618	0.5
619	0.55
620	0.3
621	0.4
622	0.3
623	0.35
624	0.3
625	0.5
626	0.3
627	0.55
628	0.35
629	0.5
630	0.35
631	0.55
632	0.3
633	0.3
634	0.35
635	0.5
636	0.45
637	0.35
638	0.55
639	0.5
640	0.5
641	0.45
642	0.55
643	0.45
644	0.5
645	0.3
646	0.35
647	0.3
648	0.45
649	0.45
650	0.45
651	0.55
652	0.5
653	0.45
654	0.5
655	0.45
656	0.55
657	0.5
658	0.3
659	0.5
660	0.5
661	0.3
662	0.5
663	0.3
664	0.45
665	0.35
666	0.4
667	0.5
668	0.5
669	0.4
670	0.45
671	0.5
672	0.4
673	0.35
674	0.4
675	0.55
676	0.55
677	0.45
678	0.5
679	0.4
680	0.4
681	0.4
682	0.3
683	0.35
684	0.3
685	0.35
686	0.55
687	0.4
688	0.35
689	0.55
690	0.55
691	0.45
692	0.35
693	0.55
694	0.45
695	0.45
696	0.4
697	0.4
698	0.45
699	0.3
700	0.3
701	0.35
702	0.5
703	0.4
704	0.55
705	0.35
706	0.45
707	0.35
708	0.55
709	0.35
710	0.55
711	0.4
712	0.3
713	0.3
714	0.35
715	0.45
716	0.55
717	0.5
718	0.45
719	0.35
720	0.4
721	0.35
722	0.5
723	0.45
724	0.35
725	0.55
726	0.5
727	0.4
728	0.55
729	0.5
730	0.55
731	0.3
732	0.35
733	0.4
734	0.5
735	0.5
736	0.45
737	0.45
738	0.4
739	0.55
740	0.45
741	0.35
742	0.5
743	0.3
744	0.35
745	0.5
746	0.35
747	0.4
748	0.45
749	0.35
750	0.3
751	0.55
752	0.3
753	0.35
754	0.35
755	0.4
756	0.35
757	0.4
758	0.55
759	0.4
760	0.55
761	0.3
762	0.55
763	0.4
764	0.5
765	0.55
766	0.45
767	0.3
768	0.5
769	0.45
770	0.5
771	0.5
772	0.35
773	0.45
774	0.45
775	0.3
776	0.5
777	0.45
778	0.45
779	0.55
780	0.3
781	0.3
782	0.55
783	0.5
784	0.55
785	0.35
786	0.3
787	0.55
788	0.3
789	0.35
790	0.45
791	0.45
792	0.5
793	0.35
794	0.5
795	0.35
796	0.35
797	0.45
798	0.3
799	0.5
