ID	Radius 
0	0.5
1	0.3
2	0.3
3	0.4
4	0.5
5	0.4
6	0.5
7	0.4
8	0.3
9	0.55
10	0.3
11	0.4
12	0.3
13	0.55
14	0.3
15	0.5
16	0.4
17	0.55
18	0.35
19	0.4
20	0.55
21	0.55
22	0.4
23	0.3
24	0.4
25	0.3
26	0.55
27	0.5
28	0.4
29	0.35
30	0.55
31	0.3
32	0.3
33	0.4
34	0.35
35	0.3
36	0.5
37	0.35
38	0.5
39	0.3
40	0.4
41	0.35
42	0.3
43	0.35
44	0.5
45	0.5
46	0.55
47	0.3
48	0.5
49	0.55
50	0.35
51	0.55
52	0.3
53	0.4
54	0.5
55	0.3
56	0.3
57	0.5
58	0.3
59	0.4
60	0.3
61	0.35
62	0.3
63	0.5
64	0.3
65	0.55
66	0.4
67	0.3
68	0.4
69	0.4
70	0.5
71	0.3
72	0.5
73	0.35
74	0.4
75	0.4
76	0.3
77	0.55
78	0.5
79	0.4
80	0.55
81	0.55
82	0.3
83	0.35
84	0.5
85	0.55
86	0.4
87	0.35
88	0.55
89	0.35
90	0.3
91	0.4
92	0.35
93	0.5
94	0.5
95	0.4
96	0.4
97	0.5
98	0.55
99	0.5
100	0.5
101	0.5
102	0.55
103	0.5
104	0.4
105	0.3
106	0.5
107	0.55
108	0.55
109	0.55
110	0.4
111	0.3
112	0.35
113	0.5
114	0.55
115	0.55
116	0.55
117	0.4
118	0.55
119	0.5
120	0.5
121	0.4
122	0.55
123	0.4
124	0.3
125	0.3
126	0.5
127	0.3
128	0.3
129	0.5
130	0.35
131	0.5
132	0.3
133	0.3
134	0.3
135	0.55
136	0.3
137	0.5
138	0.3
139	0.5
140	0.55
141	0.5
142	0.3
143	0.3
144	0.4
145	0.4
146	0.4
147	0.3
148	0.5
149	0.3
150	0.55
151	0.4
152	0.5
153	0.3
154	0.35
155	0.35
156	0.55
157	0.4
158	0.3
159	0.4
160	0.55
161	0.5
162	0.3
163	0.5
164	0.35
165	0.5
166	0.35
167	0.3
168	0.3
169	0.35
170	0.5
171	0.4
172	0.55
173	0.5
174	0.5
175	0.55
176	0.35
177	0.55
178	0.4
179	0.55
180	0.35
181	0.55
182	0.3
183	0.35
184	0.5
185	0.3
186	0.55
187	0.5
188	0.5
189	0.3
190	0.35
191	0.4
192	0.35
193	0.4
194	0.3
195	0.4
196	0.5
197	0.4
198	0.4
199	0.5
200	0.3
201	0.35
202	0.35
203	0.4
204	0.55
205	0.55
206	0.3
207	0.4
208	0.35
209	0.5
210	0.3
211	0.35
212	0.4
213	0.4
214	0.4
215	0.4
216	0.4
217	0.4
218	0.35
219	0.3
220	0.3
221	0.4
222	0.55
223	0.4
224	0.55
225	0.4
226	0.55
227	0.3
228	0.3
229	0.3
230	0.35
231	0.3
232	0.35
233	0.35
234	0.4
235	0.35
236	0.4
237	0.5
238	0.3
239	0.55
240	0.5
241	0.4
242	0.35
243	0.35
244	0.55
245	0.35
246	0.35
247	0.5
248	0.4
249	0.35
250	0.35
251	0.35
252	0.55
253	0.3
254	0.35
255	0.3
256	0.4
257	0.5
258	0.55
259	0.5
260	0.35
261	0.55
262	0.35
263	0.4
264	0.35
265	0.5
266	0.3
267	0.55
268	0.3
269	0.5
270	0.5
271	0.55
272	0.4
273	0.3
274	0.35
275	0.4
276	0.5
277	0.35
278	0.5
279	0.55
280	0.4
281	0.4
282	0.5
283	0.5
284	0.4
285	0.55
286	0.35
287	0.4
288	0.4
289	0.35
290	0.35
291	0.55
292	0.3
293	0.55
294	0.35
295	0.55
296	0.3
297	0.5
298	0.55
299	0.4
300	0.55
301	0.3
302	0.5
303	0.35
304	0.4
305	0.35
306	0.5
307	0.3
308	0.3
309	0.5
310	0.5
311	0.35
312	0.55
313	0.55
314	0.35
315	0.55
316	0.55
317	0.35
318	0.55
319	0.35
320	0.3
321	0.3
322	0.55
323	0.55
324	0.35
325	0.5
326	0.55
327	0.4
328	0.4
329	0.5
330	0.55
331	0.3
332	0.55
333	0.3
334	0.35
335	0.55
336	0.4
337	0.4
338	0.4
339	0.5
340	0.4
341	0.4
342	0.4
343	0.4
344	0.5
345	0.4
346	0.4
347	0.35
348	0.4
349	0.55
350	0.35
351	0.5
352	0.3
353	0.35
354	0.55
355	0.55
356	0.55
357	0.55
358	0.3
359	0.5
360	0.35
361	0.3
362	0.55
363	0.35
364	0.55
365	0.4
366	0.5
367	0.5
368	0.55
369	0.35
370	0.55
371	0.4
372	0.35
373	0.35
374	0.55
375	0.3
376	0.3
377	0.35
378	0.5
379	0.35
380	0.4
381	0.4
382	0.4
383	0.5
384	0.35
385	0.3
386	0.4
387	0.3
388	0.4
389	0.55
390	0.5
391	0.35
392	0.5
393	0.5
394	0.5
395	0.3
396	0.3
397	0.55
398	0.3
399	0.55
400	0.5
401	0.3
402	0.35
403	0.55
404	0.3
405	0.3
406	0.3
407	0.4
408	0.5
409	0.55
410	0.55
411	0.4
412	0.55
413	0.55
414	0.55
415	0.55
416	0.5
417	0.55
418	0.35
419	0.55
420	0.5
421	0.35
422	0.3
423	0.5
424	0.4
425	0.3
426	0.55
427	0.55
428	0.55
429	0.4
430	0.55
431	0.5
432	0.35
433	0.55
434	0.35
435	0.35
436	0.55
437	0.3
438	0.4
439	0.35
440	0.55
441	0.55
442	0.4
443	0.4
444	0.3
445	0.35
446	0.4
447	0.5
448	0.5
449	0.4
450	0.55
451	0.35
452	0.35
453	0.4
454	0.4
455	0.5
456	0.3
457	0.55
458	0.55
459	0.55
460	0.4
461	0.4
462	0.35
463	0.35
464	0.3
465	0.3
466	0.3
467	0.35
468	0.3
469	0.55
470	0.3
471	0.55
472	0.3
473	0.3
474	0.35
475	0.3
476	0.4
477	0.55
478	0.35
479	0.55
480	0.3
481	0.35
482	0.35
483	0.35
484	0.5
485	0.55
486	0.55
487	0.55
488	0.4
489	0.3
490	0.55
491	0.55
492	0.3
493	0.35
494	0.35
495	0.3
496	0.3
497	0.55
498	0.3
499	0.4
500	0.4
501	0.3
502	0.3
503	0.3
504	0.35
505	0.4
506	0.5
507	0.5
508	0.35
509	0.3
510	0.5
511	0.55
512	0.3
513	0.5
514	0.35
515	0.4
516	0.3
517	0.35
518	0.4
519	0.3
520	0.5
521	0.35
522	0.55
523	0.4
524	0.4
525	0.55
526	0.3
527	0.55
528	0.4
529	0.55
530	0.55
531	0.4
532	0.4
533	0.3
534	0.35
535	0.3
536	0.4
537	0.3
538	0.55
539	0.35
540	0.3
541	0.4
542	0.4
543	0.5
544	0.35
545	0.35
546	0.5
547	0.55
548	0.5
549	0.35
550	0.4
551	0.4
552	0.35
553	0.4
554	0.55
555	0.55
556	0.55
557	0.4
558	0.35
559	0.55
560	0.35
561	0.55
562	0.4
563	0.55
564	0.4
565	0.35
566	0.3
567	0.5
568	0.35
569	0.3
570	0.35
571	0.3
572	0.35
573	0.35
574	0.3
575	0.3
576	0.5
577	0.4
578	0.35
579	0.35
580	0.4
581	0.3
582	0.35
583	0.55
584	0.5
585	0.55
586	0.4
587	0.5
588	0.35
589	0.35
590	0.35
591	0.5
592	0.3
593	0.55
594	0.5
595	0.5
596	0.4
597	0.3
598	0.35
599	0.4
600	0.3
601	0.4
602	0.35
603	0.3
604	0.4
605	0.4
606	0.3
607	0.55
608	0.55
609	0.4
610	0.35
611	0.3
612	0.55
613	0.5
614	0.5
615	0.4
616	0.55
617	0.3
618	0.55
619	0.55
620	0.3
621	0.4
622	0.35
623	0.55
624	0.35
625	0.3
626	0.5
627	0.4
628	0.3
629	0.5
630	0.3
631	0.55
632	0.3
633	0.4
634	0.5
635	0.35
636	0.3
637	0.35
638	0.55
639	0.55
640	0.35
641	0.5
642	0.35
643	0.4
644	0.3
645	0.35
646	0.35
647	0.4
648	0.3
649	0.3
650	0.5
651	0.55
652	0.35
653	0.55
654	0.3
655	0.5
656	0.3
657	0.55
658	0.4
659	0.55
660	0.35
661	0.5
662	0.55
663	0.55
664	0.55
665	0.5
666	0.55
667	0.5
668	0.3
669	0.55
670	0.55
671	0.55
672	0.5
673	0.5
674	0.3
675	0.55
676	0.35
677	0.3
678	0.3
679	0.35
680	0.55
681	0.55
682	0.5
683	0.3
684	0.3
685	0.4
686	0.35
687	0.55
688	0.4
689	0.3
690	0.55
691	0.55
692	0.5
693	0.55
694	0.55
695	0.55
696	0.5
697	0.3
698	0.55
699	0.5
700	0.55
701	0.4
702	0.3
703	0.35
704	0.4
705	0.5
706	0.5
707	0.35
708	0.3
709	0.35
710	0.35
711	0.4
712	0.4
713	0.4
714	0.35
715	0.35
716	0.35
717	0.35
718	0.35
719	0.5
720	0.35
721	0.35
722	0.35
723	0.35
724	0.5
725	0.55
726	0.35
727	0.55
728	0.55
729	0.3
730	0.3
731	0.55
732	0.5
733	0.35
734	0.55
735	0.4
736	0.5
737	0.3
738	0.55
739	0.5
740	0.5
741	0.35
742	0.55
743	0.35
744	0.35
745	0.4
746	0.35
747	0.4
748	0.4
749	0.5
750	0.5
751	0.55
752	0.3
753	0.35
754	0.4
755	0.3
756	0.3
757	0.3
758	0.3
759	0.3
760	0.5
761	0.4
762	0.3
763	0.4
764	0.35
765	0.3
766	0.35
767	0.4
768	0.5
769	0.55
770	0.35
771	0.3
772	0.5
773	0.35
774	0.55
775	0.35
776	0.5
777	0.5
778	0.35
779	0.3
780	0.3
781	0.4
782	0.5
783	0.3
784	0.3
785	0.55
786	0.5
787	0.3
788	0.55
789	0.5
790	0.4
791	0.55
792	0.35
793	0.35
794	0.55
795	0.5
796	0.55
797	0.55
798	0.4
799	0.35
800	0.5
801	0.3
802	0.4
803	0.5
804	0.4
805	0.3
806	0.55
807	0.55
808	0.55
809	0.5
810	0.4
811	0.3
812	0.35
813	0.3
814	0.35
815	0.4
816	0.35
817	0.4
818	0.35
819	0.4
820	0.5
821	0.55
822	0.5
823	0.5
824	0.55
825	0.4
826	0.5
827	0.5
828	0.55
829	0.55
830	0.4
831	0.55
832	0.35
833	0.55
834	0.55
835	0.3
836	0.5
837	0.3
838	0.3
839	0.35
840	0.3
841	0.4
842	0.3
843	0.4
844	0.55
845	0.5
846	0.35
847	0.35
848	0.35
849	0.55
850	0.35
851	0.3
852	0.35
853	0.55
854	0.35
855	0.35
856	0.35
857	0.55
858	0.5
859	0.5
860	0.55
861	0.5
862	0.35
863	0.4
864	0.55
865	0.3
866	0.3
867	0.4
868	0.35
869	0.3
870	0.55
871	0.3
872	0.55
873	0.5
874	0.3
875	0.3
876	0.4
877	0.5
878	0.55
879	0.4
880	0.3
881	0.55
882	0.35
883	0.4
884	0.4
885	0.35
886	0.3
887	0.4
888	0.35
889	0.35
890	0.4
891	0.4
892	0.3
893	0.3
894	0.3
895	0.35
896	0.55
897	0.35
898	0.55
899	0.5
900	0.5
901	0.3
902	0.5
903	0.55
904	0.55
905	0.3
906	0.55
907	0.4
908	0.35
909	0.55
910	0.4
911	0.3
912	0.4
913	0.5
914	0.3
915	0.5
916	0.3
917	0.3
918	0.3
919	0.5
920	0.35
921	0.5
922	0.5
923	0.4
924	0.4
925	0.3
926	0.55
927	0.4
928	0.5
929	0.3
930	0.35
931	0.55
932	0.55
933	0.55
934	0.3
935	0.55
936	0.35
937	0.5
938	0.55
939	0.5
940	0.35
941	0.55
942	0.4
943	0.5
944	0.55
945	0.3
946	0.4
947	0.5
948	0.4
949	0.3
950	0.5
951	0.3
952	0.5
953	0.5
954	0.3
955	0.35
956	0.4
957	0.35
958	0.3
959	0.4
960	0.35
961	0.5
962	0.4
963	0.35
964	0.5
965	0.35
966	0.35
967	0.3
968	0.4
969	0.55
970	0.5
971	0.4
972	0.35
973	0.4
974	0.55
975	0.5
976	0.3
977	0.5
978	0.35
979	0.35
980	0.35
981	0.4
982	0.3
983	0.5
984	0.55
985	0.35
986	0.35
987	0.4
988	0.4
989	0.3
990	0.5
991	0.35
992	0.4
993	0.5
994	0.35
995	0.4
996	0.55
997	0.55
998	0.3
999	0.4
1000	0.35
1001	0.35
1002	0.35
1003	0.3
1004	0.55
1005	0.4
1006	0.35
1007	0.4
1008	0.55
1009	0.4
1010	0.35
1011	0.5
1012	0.35
1013	0.5
1014	0.4
1015	0.55
1016	0.5
1017	0.35
1018	0.3
1019	0.35
1020	0.55
1021	0.4
1022	0.5
1023	0.35
1024	0.55
1025	0.5
1026	0.3
1027	0.4
1028	0.3
1029	0.55
1030	0.3
1031	0.35
1032	0.3
1033	0.4
1034	0.4
1035	0.4
1036	0.3
1037	0.35
1038	0.35
1039	0.5
1040	0.3
1041	0.4
1042	0.4
1043	0.3
1044	0.4
1045	0.55
1046	0.55
1047	0.3
1048	0.35
1049	0.5
1050	0.4
1051	0.4
1052	0.5
1053	0.5
1054	0.4
1055	0.3
1056	0.4
1057	0.3
1058	0.3
1059	0.3
1060	0.4
1061	0.35
1062	0.3
1063	0.35
1064	0.5
1065	0.35
1066	0.3
1067	0.55
1068	0.55
1069	0.3
1070	0.4
1071	0.4
1072	0.55
1073	0.4
1074	0.5
1075	0.35
1076	0.55
1077	0.3
1078	0.4
1079	0.3
1080	0.5
1081	0.4
1082	0.3
1083	0.55
1084	0.55
1085	0.4
1086	0.55
1087	0.4
1088	0.35
1089	0.5
1090	0.5
1091	0.55
1092	0.5
1093	0.3
1094	0.35
1095	0.55
1096	0.4
1097	0.3
1098	0.35
1099	0.4
1100	0.5
1101	0.35
1102	0.5
1103	0.5
1104	0.55
1105	0.4
1106	0.55
1107	0.3
1108	0.3
1109	0.35
1110	0.35
1111	0.35
1112	0.55
1113	0.3
1114	0.3
1115	0.55
1116	0.3
1117	0.3
1118	0.3
1119	0.4
1120	0.5
1121	0.55
1122	0.5
1123	0.5
1124	0.4
1125	0.4
1126	0.3
1127	0.35
1128	0.3
1129	0.5
1130	0.4
1131	0.3
1132	0.55
1133	0.5
1134	0.5
1135	0.35
1136	0.35
1137	0.55
1138	0.4
1139	0.3
1140	0.5
1141	0.3
1142	0.35
1143	0.4
1144	0.55
1145	0.55
1146	0.55
1147	0.5
1148	0.5
1149	0.5
1150	0.5
1151	0.4
1152	0.4
1153	0.5
1154	0.4
1155	0.4
1156	0.4
1157	0.55
1158	0.55
1159	0.35
1160	0.3
1161	0.35
1162	0.35
1163	0.35
1164	0.5
1165	0.3
1166	0.3
1167	0.4
1168	0.4
1169	0.55
1170	0.35
1171	0.4
1172	0.35
1173	0.5
1174	0.55
1175	0.35
1176	0.35
1177	0.35
1178	0.5
1179	0.35
1180	0.35
1181	0.4
1182	0.55
1183	0.5
1184	0.55
1185	0.3
1186	0.35
1187	0.3
1188	0.5
1189	0.55
1190	0.5
1191	0.4
1192	0.4
1193	0.3
1194	0.4
1195	0.55
1196	0.35
1197	0.35
1198	0.4
1199	0.35
