-369.132699	-270.783488	-178.269672	-91.090684	-8.800202	69.000555	69.000555	138.856553	205.188761	268.257250	328.297111	385.521387	440.123597	492.279922	542.151105	589.884108	635.613551	679.462991	721.546025	761.967283	800.823287	838.203231	874.189654	908.859057	942.282440	974.525790	1005.650516	1035.713838	1064.769139	1092.866282	1120.051894
-317.368031	-220.641225	-129.653550	-43.912698	37.020290	113.537617	113.537617	182.241245	247.479213	309.507301	368.556722	424.837006	478.538477	529.834412	578.882903	625.828484	670.803558	713.929641	755.318459	795.072912	833.287934	870.051244	905.444023	939.541506	972.413524	1004.124976	1034.736257	1064.303644	1092.879638	1120.513281	1147.250429
-265.603362	-170.498961	-81.037428	3.265288	82.840781	158.074679	158.074679	225.625937	289.769664	350.757351	408.816334	464.152624	516.953358	567.388903	615.614700	661.772860	705.993565	748.396292	789.090892	828.178541	865.752580	901.899258	936.698391	970.223955	1002.544609	1033.724163	1063.821999	1092.893450	1120.990137	1148.160279	1174.448963
-213.838694	-120.356697	-32.421305	50.443273	128.661273	202.611741	202.611741	269.010629	332.060116	392.007402	449.075945	503.468243	555.368238	604.943394	652.346498	697.717237	741.183572	782.862942	822.863325	861.284171	898.217227	933.747271	967.952759	1000.906404	1032.675694	1063.323349	1092.907741	1121.483256	1149.100637	1175.807277	1201.647498
-162.074025	-70.214433	16.194817	97.621259	174.481765	247.148803	247.148803	312.395321	374.350567	433.257453	489.335556	542.783862	593.783119	642.497885	689.078295	733.661613	776.373578	817.329592	856.635758	894.389800	930.681873	965.595284	999.207127	1031.588853	1062.806778	1092.922536	1121.993482	1150.073062	1177.211136	1203.454276	1228.846033
-110.309357	-20.072169	64.810939	144.799244	220.302257	291.685865	291.685865	355.780013	416.641019	474.507503	529.595167	582.099480	632.198000	680.052375	725.810092	769.605989	811.563585	851.796243	890.408191	927.495430	963.146520	997.443297	1030.461495	1062.271302	1092.937863	1122.521722	1151.079224	1178.662868	1205.321635	1231.101274	1256.044567
-58.544688	30.070095	113.427061	191.977230	266.122748	336.222927	336.222927	399.164705	458.931470	515.757554	569.854778	621.415099	670.612880	717.606866	762.541890	805.550366	846.753592	886.262893	924.180625	960.601059	995.611167	1029.291311	1061.715863	1092.953751	1123.068947	1152.120909	1180.164965	1207.252674	1233.432134	1258.748273	1283.243102
-6.780020	80.212359	162.043183	239.155216	311.943240	380.759989	380.759989	442.549397	501.221922	557.007605	610.114389	660.730717	709.027761	755.161357	799.273687	841.494742	881.943599	920.729543	957.953058	993.706688	1028.075813	1061.139324	1092.970231	1123.636200	1153.200032	1181.720095	1209.250707	1235.842480	1261.542633	1286.395271	1310.441637
44.984648	130.354623	210.659305	286.333201	357.763732	425.297051	425.297051	485.934088	543.512373	598.257655	650.374001	700.046336	747.442641	792.715848	836.005485	877.439119	917.133605	955.196194	991.725491	1026.812318	1060.540460	1092.987337	1124.224599	1154.318649	1183.331117	1211.319282	1238.336449	1264.432286	1289.653133	1314.042270	1337.640171
96.749317	180.496886	259.275427	333.511187	403.584224	469.834113	469.834113	529.318780	585.802825	639.507706	690.633612	739.361954	785.857522	830.270338	872.737282	913.383495	952.323612	989.662844	1025.497924	1059.917947	1093.005106	1124.835351	1155.478967	1185.001098	1213.462201	1240.918468	1267.422190	1293.022092	1317.763632	1341.689268	1364.838706
148.513985	230.639150	307.891549	380.689173	449.404715	514.371175	514.371175	572.703472	628.093277	680.757757	730.893223	778.677573	824.272402	867.824829	909.469080	949.327871	987.513619	1024.129494	1059.270358	1093.023576	1125.469753	1156.683364	1186.733335	1215.683547	1243.593286	1270.517655	1296.507932	1321.611898	1345.874131	1369.336267	1392.037240
200.278654	280.781414	356.507671	427.867158	495.225207	558.908237	558.908237	616.088164	670.383728	722.007807	771.152834	817.993192	862.687283	905.379320	946.200877	985.272248	1022.703626	1058.596145	1093.042791	1126.129206	1157.934399	1188.531377	1217.987703	1246.365995	1273.724370	1300.116841	1325.593674	1350.201704	1373.984630	1396.983265	1419.235775
252.043322	330.923678	405.123794	475.045144	541.045699	603.445299	603.445299	659.472856	712.674180	763.257858	811.412445	857.308810	901.102163	942.933810	982.932675	1021.216624	1057.893632	1093.062795	1126.815224	1159.234835	1190.399046	1220.379390	1249.242071	1277.048444	1303.855455	1329.716028	1354.679415	1378.791511	1402.095129	1424.630263	1446.434310
303.807991	381.065942	453.739916	522.223129	586.866191	647.982361	647.982361	702.857548	754.964631	804.507909	851.672056	896.624429	939.517044	980.488301	1019.664472	1057.161000	1093.083639	1127.529446	1160.587657	1192.340465	1222.863692	1252.227404	1280.496440	1307.730893	1333.986540	1359.315214	1383.765157	1407.381317	1430.205629	1452.277262	1473.632844
355.572659	431.208206	502.356038	569.401115	632.686682	692.519423	692.519423	746.242240	797.255083	845.757959	891.931668	935.940047	977.931924	1018.042792	1056.396269	1093.105377	1128.273646	1161.996096	1194.360090	1225.446094	1255.328339	1284.075417	1311.750808	1338.413342	1364.117624	1388.914401	1412.850898	1435.971123	1458.316128	1479.924260	1500.831379
407.337327	481.350470	550.972160	616.579101	678.507174	737.056485	737.056485	789.626932	839.545534	887.008010	932.191279	975.255666	1016.346805	1055.597283	1093.128067	1129.049753	1163.463653	1196.462746	1228.132524	1258.551723	1287.792985	1315.923430	1343.005176	1369.095791	1394.248709	1418.513587	1441.936640	1464.560929	1486.426627	1507.571259	1528.029914
459.101996	531.492734	599.588282	663.757086	724.327666	781.593547	781.593547	833.011624	881.835986	928.258061	972.450890	1014.571284	1054.761686	1093.151773	1129.859864	1164.994130	1198.653659	1230.929397	1261.904957	1291.657353	1320.257632	1347.771444	1374.259544	1399.778240	1424.379793	1448.112774	1471.022382	1493.150735	1514.537126	1535.218257	1555.228448
510.866664	581.634997	648.204404	710.935072	770.148158	826.130609	826.130609	876.396316	924.126437	969.508112	1012.710501	1053.886903	1093.176566	1130.706264	1166.591662	1200.938506	1233.843666	1265.396047	1295.677390	1324.762982	1352.722278	1379.619457	1405.513912	1430.460689	1454.510878	1477.711960	1500.108123	1521.740541	1542.647625	1562.865256	1582.426983
562.631333	631.777261	696.820526	758.113058	815.968649	870.667671	870.667671	919.781007	966.416889	1010.758162	1052.970112	1093.202522	1131.591447	1168.260755	1203.323459	1236.882882	1269.033673	1299.862697	1329.449823	1357.868611	1385.186925	1411.467470	1436.768280	1461.143138	1484.641962	1507.311147	1529.193865	1550.330347	1570.758125	1590.512254	1609.625518
614.396001	681.919525	745.436648	805.291043	861.789141	915.204733	915.204733	963.165699	1008.707340	1052.008213	1093.229723	1132.518140	1170.006327	1205.815246	1240.055257	1272.827259	1304.223680	1334.329348	1363.222257	1390.974241	1417.651571	1443.315483	1468.022648	1491.825587	1514.773047	1536.910333	1558.279607	1578.920153	1598.868624	1618.159253	1636.824052
666.160670	732.061789	794.052770	852.469029	907.609633	959.741795	959.741795	1006.550391	1050.997792	1093.258264	1133.489334	1171.833759	1208.421208	1243.369736	1276.787054	1308.771635	1339.413686	1368.795998	1396.994690	1424.079870	1450.116218	1475.163497	1499.277016	1522.508036	1544.904132	1566.509520	1587.365348	1607.509959	1626.979123	1645.806251	1664.022587
717.925338	782.204053	842.668893	899.647015	953.430125	1004.278857	1004.278857	1049.935083	1093.288243	1134.508314	1173.748946	1211.149377	1246.836088	1280.924227	1313.518852	1344.716012	1374.603693	1403.262648	1430.767123	1457.185500	1482.580864	1507.011510	1530.531384	1553.190485	1575.035216	1596.108706	1616.451090	1636.099765	1655.089622	1673.453249	1691.221122
769.690006	832.346317	891.285015	946.825000	999.250616	1048.815919	1048.815919	1093.319775	1135.578695	1175.758365	1214.008557	1250.464996	1285.250969	1318.478718	1350.250649	1380.660388	1409.793700	1437.729299	1464.539556	1490.291129	1515.045511	1538.859523	1561.785752	1583.872934	1605.166301	1625.707893	1645.536831	1664.689571	1683.200121	1701.100248	1718.419656
821.454675	882.488581	939.901137	994.002986	1045.071108	1093.352981	1093.352981	1136.704467	1177.869146	1217.008416	1254.268168	1289.780614	1323.665849	1356.033209	1386.982447	1416.604764	1444.983707	1472.195949	1498.311989	1523.396758	1547.510157	1570.707537	1593.040120	1614.555383	1635.297385	1655.307079	1674.622573	1693.279377	1711.310620	1728.747246	1745.618191
873.219343	932.630845	988.517259	1041.180971	1090.891600	1137.890043	1137.890043	1180.089159	1220.159598	1258.258466	1294.527779	1329.096233	1362.080730	1393.587699	1423.714244	1452.549141	1480.173713	1506.662599	1532.084423	1556.502388	1579.974804	1602.555550	1624.294488	1645.237832	1665.428470	1684.906266	1703.708315	1721.869183	1739.421120	1756.394245	1772.816725
924.984012	982.773108	1037.133381	1088.358957	1136.712092	1182.427105	1182.427105	1223.473851	1262.450050	1299.508517	1334.787390	1368.411852	1400.495611	1431.142190	1460.446041	1488.493517	1515.363720	1541.129250	1565.856856	1589.608017	1612.439450	1634.403563	1655.548857	1675.920281	1695.559555	1714.505452	1732.794056	1750.458989	1767.531619	1784.041243	1800.015260
976.748680	1032.915372	1085.749503	1135.536943	1182.532583	1226.964167	1226.964167	1266.858543	1304.740501	1340.758568	1375.047001	1407.727470	1438.910491	1468.696681	1497.177839	1524.437893	1550.553727	1575.595900	1599.629289	1622.713646	1644.904097	1666.251576	1686.803225	1706.602729	1725.690639	1744.104639	1761.879798	1779.048796	1795.642118	1811.688242	1827.213795
1028.513348	1083.057636	1134.365625	1182.714928	1228.353075	1271.501229	1271.501229	1310.243235	1347.030953	1382.008618	1415.306613	1447.043089	1477.325372	1506.251171	1533.909636	1560.382270	1585.743734	1610.062550	1633.401722	1655.819276	1677.368743	1698.099590	1718.057593	1737.285178	1755.821724	1773.703825	1790.965540	1807.638602	1823.752617	1839.335240	1854.412329
1080.278017	1133.199900	1182.981747	1229.892914	1274.173567	1316.038291	1316.038291	1353.627926	1389.321404	1423.258669	1455.566224	1486.358707	1515.740252	1543.805662	1570.641434	1596.326646	1620.933740	1644.529201	1667.174156	1688.924905	1709.833390	1729.947603	1749.311961	1767.967627	1785.952808	1803.303012	1820.051281	1836.228408	1851.863116	1866.982239	1881.610864
1132.042685	1183.342164	1231.597869	1277.070900	1319.994059	1360.575353	1360.575353	1397.012618	1431.611856	1464.508720	1495.825835	1525.674326	1554.155133	1581.360153	1607.373231	1632.271023	1656.123747	1678.995851	1700.946589	1722.030535	1742.298036	1761.795616	1780.566329	1798.650076	1816.083893	1832.902198	1849.137023	1864.818214	1879.973616	1894.629237	1908.809399
1183.807354	1233.484428	1280.213992	1324.248885	1365.814550	1405.112415	1405.112415	1440.397310	1473.902307	1505.758770	1536.085446	1564.989944	1592.570013	1618.914644	1644.105029	1668.215399	1691.313754	1713.462502	1734.719022	1755.136164	1774.762683	1793.643630	1811.820697	1829.332525	1846.214977	1862.501385	1878.222765	1893.408020	1908.084115	1922.276235	1936.007933
