652.050528	678.962416	703.235367	725.178549	745.064779	763.134373	763.134373	778.192145	791.974446	804.636749	816.310246	827.106410	837.120563	846.434702	855.119748	863.237354	870.841370	877.979045	884.692000	891.017051	896.986874	902.630578	907.974175	913.040983	917.851964	922.426018	926.780225	930.930063	934.889590	938.671606	942.287785	945.748801	949.064430	952.243645	955.294696	958.225178	961.042101	963.751940	966.360686	968.873894	971.296717	973.633945	975.890035	978.069140	980.175135	982.211638	984.182033	986.089487	987.936969	989.727264	991.462986	993.146592	994.780397	996.366576	997.907183	999.404154	1000.859316	1002.274398	1003.651032	1004.990765	1006.295060	1007.565306	1008.802818	1010.008846	1011.184576	1012.331135	1013.449597	1014.540981	1015.606258	1016.646356	1017.662155	1018.654497	1019.624186	1020.571989	1021.498639	1022.404835	1023.291247	1024.158517	1025.007258	1025.838057
652.282381	679.180451	703.440939	725.372855	745.248874	763.309190	763.309190	778.359231	792.134455	804.790257	816.457760	827.248380	837.257392	846.566749	855.247335	863.360773	870.960885	878.094895	884.804404	891.126206	897.092964	902.733770	908.074624	913.138830	917.947342	922.519047	926.871018	931.018725	934.976220	938.756294	942.370616	945.829854	949.143781	952.321364	955.370848	958.299826	961.115302	963.823750	966.431157	968.943074	971.364653	973.700681	975.955612	978.133599	980.238512	982.273970	984.243353	986.149828	987.996361	989.785737	991.520567	993.203310	994.836275	996.421640	997.961456	999.457659	1000.912074	1002.326429	1003.702356	1005.041401	1006.345027	1007.614620	1008.851497	1010.056906	1011.232032	1012.378003	1013.495890	1014.586713	1015.651444	1016.691007	1017.706285	1018.698118	1019.667309	1020.614625	1021.540799	1022.446529	1023.332487	1024.199311	1025.047616	1025.877989
652.514234	679.398486	703.646512	725.567160	745.432969	763.484007	763.484007	778.526316	792.294464	804.943764	816.605274	827.390351	837.394221	846.698795	855.374923	863.484192	871.080400	878.210745	884.916807	891.235362	897.199055	902.836963	908.175073	913.236678	918.042719	922.612076	926.961811	931.107388	935.062849	938.840981	942.453447	945.910908	949.223133	952.399083	955.447001	958.374474	961.188504	963.895560	966.501627	969.012254	971.432589	973.767417	976.021190	978.198058	980.301890	982.336302	984.304673	986.210169	988.055754	989.844210	991.578149	993.260027	994.892154	996.476705	998.015730	999.511163	1000.964831	1002.378460	1003.753680	1005.092037	1006.394993	1007.663934	1008.900176	1010.104965	1011.279488	1012.424870	1013.542183	1014.632446	1015.696630	1016.735659	1017.750415	1018.741738	1019.710432	1020.657261	1021.582959	1022.488224	1023.373726	1024.240106	1025.087975	1025.917921
652.746087	679.616521	703.852084	725.761465	745.617063	763.658824	763.658824	778.693402	792.454473	805.097272	816.752788	827.532322	837.531049	846.830842	855.502510	863.607611	871.199915	878.326595	885.029210	891.344518	897.305145	902.940156	908.275522	913.334526	918.138097	922.705104	927.052604	931.196050	935.149479	938.925669	942.536277	945.991962	949.302484	952.476802	955.523153	958.449122	961.261705	963.967370	966.572098	969.081434	971.500525	973.834153	976.086768	978.262517	980.365268	982.398634	984.365994	986.270510	988.115146	989.902683	991.635731	993.316745	994.948033	996.531769	998.070003	999.564668	1001.017589	1002.430490	1003.805004	1005.142673	1006.444960	1007.713249	1008.948854	1010.153025	1011.326943	1012.471737	1013.588476	1014.678178	1015.741815	1016.780310	1017.794545	1018.785359	1019.753554	1020.699897	1021.625119	1022.529919	1023.414966	1024.280900	1025.128333	1025.957853
652.977940	679.834556	704.057656	725.955771	745.801158	763.833641	763.833641	778.860488	792.614482	805.250780	816.900302	827.674292	837.667878	846.962888	855.630097	863.731031	871.319430	878.442445	885.141614	891.453674	897.411236	903.043349	908.375971	913.432373	918.233474	922.798133	927.143397	931.284712	935.236108	939.010356	942.619108	946.073016	949.381835	952.554521	955.599306	958.523769	961.334907	964.039180	966.642569	969.150615	971.568462	973.900889	976.152346	978.326976	980.428645	982.460966	984.427314	986.330851	988.174538	989.961156	991.693313	993.373462	995.003911	996.586833	998.124276	999.618172	1001.070346	1002.482521	1003.856328	1005.193309	1006.494926	1007.762563	1008.997533	1010.201084	1011.374399	1012.518604	1013.634769	1014.723911	1015.787001	1016.824962	1017.838675	1018.828979	1019.796677	1020.742533	1021.667279	1022.571614	1023.456206	1024.321695	1025.168692	1025.997785
653.209793	680.052591	704.263228	726.150076	745.985253	764.008458	764.008458	779.027573	792.774491	805.404287	817.047816	827.816263	837.804707	847.094935	855.757684	863.854450	871.438945	878.558295	885.254017	891.562829	897.517326	903.146542	908.476421	913.530221	918.328851	922.891162	927.234190	931.373375	935.322738	939.095044	942.701939	946.154070	949.461187	952.632240	955.675458	958.598417	961.408108	964.110990	966.713039	969.219795	971.636398	973.967626	976.217924	978.391435	980.492023	982.523298	984.488634	986.391192	988.233931	990.019629	991.750895	993.430180	995.059790	996.641897	998.178549	999.671677	1001.123103	1002.534552	1003.907652	1005.243945	1006.544892	1007.811877	1009.046212	1010.249144	1011.421855	1012.565471	1013.681061	1014.769643	1015.832186	1016.869613	1017.882804	1018.872599	1019.839799	1020.785169	1021.709439	1022.613309	1023.497446	1024.362489	1025.209051	1026.037717
653.441645	680.270626	704.468800	726.344382	746.169348	764.183275	764.183275	779.194659	792.934500	805.557795	817.195330	827.958233	837.941536	847.226981	855.885271	863.977869	871.558460	878.674145	885.366420	891.671985	897.623417	903.249735	908.576870	913.628068	918.424229	922.984191	927.324984	931.462037	935.409367	939.179732	942.784770	946.235123	949.540538	952.709959	955.751611	958.673065	961.481310	964.182800	966.783510	969.288975	971.704334	974.034362	976.283501	978.455894	980.555401	982.585630	984.549954	986.451532	988.293323	990.078102	991.808477	993.486897	995.115668	996.696961	998.232822	999.725181	1001.175861	1002.586583	1003.958976	1005.294581	1006.594859	1007.861191	1009.094891	1010.297203	1011.469311	1012.612338	1013.727354	1014.815376	1015.877372	1016.914265	1017.926934	1018.916220	1019.882922	1020.827805	1021.751599	1022.655004	1023.538685	1024.403283	1025.249409	1026.077649
653.673498	680.488661	704.674372	726.538687	746.353443	764.358092	764.358092	779.361744	793.094509	805.711302	817.342844	828.100204	838.078365	847.359028	856.012859	864.101288	871.677975	878.789995	885.478824	891.781141	897.729508	903.352927	908.677319	913.725916	918.519606	923.077220	927.415777	931.550700	935.495997	939.264419	942.867601	946.316177	949.619890	952.787678	955.827763	958.747713	961.554511	964.254610	966.853980	969.358155	971.772270	974.101098	976.349079	978.520353	980.618778	982.647962	984.611275	986.511873	988.352715	990.136575	991.866059	993.543615	995.171547	996.752025	998.287095	999.778686	1001.228618	1002.638614	1004.010300	1005.345218	1006.644825	1007.910505	1009.143570	1010.345263	1011.516767	1012.659206	1013.773647	1014.861108	1015.922557	1016.958916	1017.971064	1018.959840	1019.926044	1020.870441	1021.793759	1022.696698	1023.579925	1024.444078	1025.289768	1026.117581
653.905351	680.706696	704.879944	726.732992	746.537537	764.532909	764.532909	779.528830	793.254519	805.864810	817.490357	828.242175	838.215194	847.491075	856.140446	864.224707	871.797490	878.905846	885.591227	891.890297	897.835598	903.456120	908.777768	913.823764	918.614984	923.170249	927.506570	931.639362	935.582626	939.349107	942.950432	946.397231	949.699241	952.865397	955.903915	958.822361	961.627713	964.326420	966.924451	969.427336	971.840207	974.167834	976.414657	978.584812	980.682156	982.710294	984.672595	986.572214	988.412108	990.195049	991.923641	993.600332	995.227425	996.807090	998.341368	999.832190	1001.281375	1002.690644	1004.061624	1005.395854	1006.694791	1007.959819	1009.192248	1010.393322	1011.564223	1012.706073	1013.819940	1014.906841	1015.967743	1017.003568	1018.015194	1019.003461	1019.969167	1020.913077	1021.835920	1022.738393	1023.621165	1024.484872	1025.330127	1026.157513
654.137204	680.924731	705.085516	726.927298	746.721632	764.707726	764.707726	779.695916	793.414528	806.018318	817.637871	828.384145	838.352023	847.623121	856.268033	864.348127	871.917005	879.021696	885.703630	891.999452	897.941689	903.559313	908.878217	913.921611	918.710361	923.263278	927.597363	931.728025	935.669256	939.433794	943.033263	946.478285	949.778592	952.943117	955.980068	958.897009	961.700914	964.398230	966.994922	969.496516	971.908143	974.234570	976.480235	978.649270	980.745533	982.772626	984.733915	986.632555	988.471500	990.253522	991.981223	993.657050	995.283304	996.862154	998.395641	999.885695	1001.334133	1002.742675	1004.112948	1005.446490	1006.744758	1008.009134	1009.240927	1010.441382	1011.611679	1012.752940	1013.866233	1014.952573	1016.012928	1017.048219	1018.059324	1019.047081	1020.012289	1020.955713	1021.878080	1022.780088	1023.662404	1024.525667	1025.370485	1026.197445
654.369057	681.142766	705.291088	727.121603	746.905727	764.882543	764.882543	779.863001	793.574537	806.171825	817.785385	828.526116	838.488852	847.755168	856.395620	864.471546	872.036520	879.137546	885.816034	892.108608	898.047779	903.662506	908.978666	914.019459	918.805738	923.356306	927.688156	931.816687	935.755885	939.518482	943.116093	946.559339	949.857944	953.020836	956.056220	958.971656	961.774116	964.470041	967.065392	969.565696	971.976079	974.301307	976.545813	978.713729	980.808911	982.834958	984.795236	986.692896	988.530892	990.311995	992.038805	993.713767	995.339183	996.917218	998.449915	999.939199	1001.386890	1002.794706	1004.164272	1005.497126	1006.794724	1008.058448	1009.289606	1010.489441	1011.659135	1012.799807	1013.912526	1014.998306	1016.058114	1017.092871	1018.103454	1019.090702	1020.055412	1020.998348	1021.920240	1022.821783	1023.703644	1024.566461	1025.410844	1026.237377
654.600910	681.360801	705.496660	727.315909	747.089822	765.057360	765.057360	780.030087	793.734546	806.325333	817.932899	828.668087	838.625680	847.887214	856.523207	864.594965	872.156035	879.253396	885.928437	892.217764	898.153870	903.765699	909.079115	914.117306	918.901116	923.449335	927.778950	931.905350	935.842514	939.603169	943.198924	946.640392	949.937295	953.098555	956.132373	959.046304	961.847317	964.541851	967.135863	969.634876	972.044015	974.368043	976.611391	978.778188	980.872289	982.897290	984.856556	986.753237	988.590285	990.370468	992.096386	993.770484	995.395061	996.972282	998.504188	999.992704	1001.439647	1002.846737	1004.215596	1005.547762	1006.844691	1008.107762	1009.338285	1010.537501	1011.706590	1012.846674	1013.958819	1015.044039	1016.103300	1017.137522	1018.147584	1019.134322	1020.098535	1021.040984	1021.962400	1022.863478	1023.744884	1024.607255	1025.451202	1026.277309
654.832763	681.578836	705.702232	727.510214	747.273917	765.232177	765.232177	780.197172	793.894555	806.478841	818.080413	828.810057	838.762509	848.019261	856.650795	864.718384	872.275550	879.369246	886.040841	892.326920	898.259960	903.868891	909.179565	914.215154	918.996493	923.542364	927.869743	931.994012	935.929144	939.687857	943.281755	946.721446	950.016647	953.176274	956.208525	959.120952	961.920519	964.613661	967.206334	969.704057	972.111952	974.434779	976.676968	978.842647	980.935666	982.959622	984.917876	986.813578	988.649677	990.428941	992.153968	993.827202	995.450940	997.027346	998.558461	1000.046208	1001.492405	1002.898768	1004.266920	1005.598398	1006.894657	1008.157076	1009.386963	1010.585560	1011.754046	1012.893541	1014.005112	1015.089771	1016.148485	1017.182174	1018.191714	1019.177943	1020.141657	1021.083620	1022.004560	1022.905173	1023.786124	1024.648050	1025.491561	1026.317241
655.064616	681.796871	705.907804	727.704519	747.458011	765.406994	765.406994	780.364258	794.054564	806.632348	818.227927	828.952028	838.899338	848.151307	856.778382	864.841804	872.395065	879.485096	886.153244	892.436075	898.366051	903.972084	909.280014	914.313002	919.091871	923.635393	927.960536	932.082675	936.015773	939.772545	943.364586	946.802500	950.095998	953.253993	956.284678	959.195600	961.993720	964.685471	967.276804	969.773237	972.179888	974.501515	976.742546	978.907106	980.999044	983.021954	984.979196	986.873919	988.709069	990.487414	992.211550	993.883919	995.506818	997.082410	998.612734	1000.099713	1001.545162	1002.950798	1004.318244	1005.649034	1006.944623	1008.206390	1009.435642	1010.633620	1011.801502	1012.940409	1014.051405	1015.135504	1016.193671	1017.226825	1018.235844	1019.221563	1020.184780	1021.126256	1022.046720	1022.946867	1023.827363	1024.688844	1025.531920	1026.357173
655.296469	682.014906	706.113377	727.898825	747.642106	765.581811	765.581811	780.531344	794.214573	806.785856	818.375441	829.093998	839.036167	848.283354	856.905969	864.965223	872.514580	879.600946	886.265647	892.545231	898.472142	904.075277	909.380463	914.410849	919.187248	923.728422	928.051329	932.171337	936.102403	939.857232	943.447417	946.883554	950.175349	953.331712	956.360830	959.270248	962.066922	964.757281	967.347275	969.842417	972.247824	974.568251	976.808124	978.971565	981.062422	983.084286	985.040517	986.934260	988.768462	990.545887	992.269132	993.940637	995.562697	997.137474	998.667007	1000.153217	1001.597920	1003.002829	1004.369568	1005.699670	1006.994590	1008.255704	1009.484321	1010.681680	1011.848958	1012.987276	1014.097697	1015.181236	1016.238856	1017.271477	1018.279974	1019.265183	1020.227902	1021.168892	1022.088880	1022.988562	1023.868603	1024.729639	1025.572278	1026.397105
655.528321	682.232941	706.318949	728.093130	747.826201	765.756628	765.756628	780.698429	794.374582	806.939364	818.522955	829.235969	839.172996	848.415400	857.033556	865.088642	872.634095	879.716796	886.378051	892.654387	898.578232	904.178470	909.480912	914.508697	919.282625	923.821451	928.142122	932.260000	936.189032	939.941920	943.530248	946.964608	950.254701	953.409431	956.436983	959.344895	962.140123	964.829091	967.417746	969.911597	972.315760	974.634988	976.873702	979.036024	981.125799	983.146618	985.101837	986.994601	988.827854	990.604360	992.326714	993.997354	995.618575	997.192539	998.721280	1000.206722	1001.650677	1003.054860	1004.420892	1005.750306	1007.044556	1008.305019	1009.533000	1010.729739	1011.896414	1013.034143	1014.143990	1015.226969	1016.284042	1017.316128	1018.324104	1019.308804	1020.271025	1021.211528	1022.131040	1023.030257	1023.909843	1024.770433	1025.612637	1026.437037
655.760174	682.450976	706.524521	728.287435	748.010296	765.931445	765.931445	780.865515	794.534591	807.092871	818.670469	829.377940	839.309825	848.547447	857.161143	865.212061	872.753610	879.832647	886.490454	892.763543	898.684323	904.281663	909.581361	914.606544	919.378003	923.914480	928.232916	932.348662	936.275662	940.026607	943.613079	947.045661	950.334052	953.487150	956.513135	959.419543	962.213325	964.900901	967.488216	969.980778	972.383697	974.701724	976.939280	979.100483	981.189177	983.208950	985.163157	987.054942	988.887246	990.662833	992.384296	994.054072	995.674454	997.247603	998.775553	1000.260226	1001.703434	1003.106891	1004.472216	1005.800942	1007.094522	1008.354333	1009.581679	1010.777799	1011.943870	1013.081010	1014.190283	1015.272701	1016.329227	1017.360780	1018.368234	1019.352424	1020.314147	1021.254164	1022.173201	1023.071952	1023.951082	1024.811227	1025.652996	1026.476969
655.992027	682.669011	706.730093	728.481741	748.194391	766.106262	766.106262	781.032600	794.694600	807.246379	818.817983	829.519910	839.446654	848.679493	857.288731	865.335480	872.873124	879.948497	886.602857	892.872699	898.790413	904.384855	909.681810	914.704392	919.473380	924.007508	928.323709	932.437325	936.362291	940.111295	943.695909	947.126715	950.413404	953.564869	956.589288	959.494191	962.286526	964.972711	967.558687	970.049958	972.451633	974.768460	977.004857	979.164942	981.252554	983.271282	985.224478	987.115283	988.946639	990.721306	992.441878	994.110789	995.730333	997.302667	998.829826	1000.313731	1001.756192	1003.158921	1004.523540	1005.851578	1007.144489	1008.403647	1009.630357	1010.825858	1011.991326	1013.127877	1014.236576	1015.318434	1016.374413	1017.405431	1018.412364	1019.396045	1020.357270	1021.296800	1022.215361	1023.113647	1023.992322	1024.852022	1025.693354	1026.516901
656.223880	682.887046	706.935665	728.676046	748.378486	766.281079	766.281079	781.199686	794.854609	807.399887	818.965496	829.661881	839.583482	848.811540	857.416318	865.458900	872.992639	880.064347	886.715261	892.981854	898.896504	904.488048	909.782259	914.802240	919.568758	924.100537	928.414502	932.525987	936.448921	940.195982	943.778740	947.207769	950.492755	953.642588	956.665440	959.568839	962.359727	965.044521	967.629158	970.119138	972.519569	974.835196	977.070435	979.229401	981.315932	983.333614	985.285798	987.175623	989.006031	990.779780	992.499460	994.167507	995.786211	997.357731	998.884100	1000.367235	1001.808949	1003.210952	1004.574864	1005.902214	1007.194455	1008.452961	1009.679036	1010.873918	1012.038781	1013.174744	1014.282869	1015.364166	1016.419598	1017.450083	1018.456494	1019.439665	1020.400392	1021.339436	1022.257521	1023.155342	1024.033562	1024.892816	1025.733713	1026.556833
656.455733	683.105081	707.141237	728.870352	748.562580	766.455896	766.455896	781.366772	795.014619	807.553394	819.113010	829.803852	839.720311	848.943586	857.543905	865.582319	873.112154	880.180197	886.827664	893.091010	899.002594	904.591241	909.882709	914.900087	919.664135	924.193566	928.505295	932.614649	936.535550	940.280670	943.861571	947.288823	950.572106	953.720307	956.741593	959.643487	962.432929	965.116332	967.699628	970.188318	972.587505	974.901932	977.136013	979.293860	981.379310	983.395946	985.347118	987.235964	989.065423	990.838253	992.557042	994.224224	995.842090	997.412795	998.938373	1000.420740	1001.861706	1003.262983	1004.626187	1005.952850	1007.244422	1008.502275	1009.727715	1010.921977	1012.086237	1013.221612	1014.329162	1015.409899	1016.464784	1017.494735	1018.500624	1019.483286	1020.443515	1021.382072	1022.299681	1023.197036	1024.074802	1024.933611	1025.774071	1026.596766
656.687586	683.323116	707.346809	729.064657	748.746675	766.630713	766.630713	781.533857	795.174628	807.706902	819.260524	829.945822	839.857140	849.075633	857.671492	865.705738	873.231669	880.296047	886.940067	893.200166	899.108685	904.694434	909.983158	914.997935	919.759512	924.286595	928.596088	932.703312	936.622180	940.365358	943.944402	947.369877	950.651458	953.798026	956.817745	959.718135	962.506130	965.188142	967.770099	970.257499	972.655442	974.968669	977.201591	979.358319	981.442687	983.458278	985.408439	987.296305	989.124816	990.896726	992.614624	994.280941	995.897968	997.467859	998.992646	1000.474244	1001.914464	1003.315014	1004.677511	1006.003486	1007.294388	1008.551590	1009.776394	1010.970037	1012.133693	1013.268479	1014.375455	1015.455631	1016.509970	1017.539386	1018.544754	1019.526906	1020.486638	1021.424708	1022.341841	1023.238731	1024.116041	1024.974405	1025.814430	1026.636698
656.919439	683.541151	707.552381	729.258962	748.930770	766.805530	766.805530	781.700943	795.334637	807.860409	819.408038	830.087793	839.993969	849.207679	857.799079	865.829157	873.351184	880.411897	887.052471	893.309322	899.214775	904.797627	910.083607	915.095782	919.854890	924.379624	928.686882	932.791974	936.708809	940.450045	944.027233	947.450930	950.730809	953.875745	956.893898	959.792782	962.579332	965.259952	967.840570	970.326679	972.723378	975.035405	977.267169	979.422778	981.506065	983.520610	985.469759	987.356646	989.184208	990.955199	992.672205	994.337659	995.953847	997.522924	999.046919	1000.527749	1001.967221	1003.367045	1004.728835	1006.054123	1007.344354	1008.600904	1009.825072	1011.018096	1012.181149	1013.315346	1014.421748	1015.501364	1016.555155	1017.584038	1018.588884	1019.570527	1020.529760	1021.467343	1022.384001	1023.280426	1024.157281	1025.015199	1025.854789	1026.676630
657.151292	683.759186	707.757953	729.453268	749.114865	766.980347	766.980347	781.868028	795.494646	808.013917	819.555552	830.229763	840.130798	849.339726	857.926667	865.952577	873.470699	880.527747	887.164874	893.418477	899.320866	904.900819	910.184056	915.193630	919.950267	924.472653	928.777675	932.880637	936.795438	940.534733	944.110064	947.531984	950.810161	953.953464	956.970050	959.867430	962.652533	965.331762	967.911040	970.395859	972.791314	975.102141	977.332747	979.487237	981.569443	983.582942	985.531079	987.416987	989.243600	991.013672	992.729787	994.394376	996.009726	997.577988	999.101192	1000.581253	1002.019978	1003.419075	1004.780159	1006.104759	1007.394321	1008.650218	1009.873751	1011.066156	1012.228605	1013.362213	1014.468041	1015.547096	1016.600341	1017.628689	1018.633014	1019.614147	1020.572883	1021.509979	1022.426161	1023.322121	1024.198521	1025.055994	1025.895147	1026.716562
657.383145	683.977221	707.963525	729.647573	749.298960	767.155164	767.155164	782.035114	795.654655	808.167425	819.703066	830.371734	840.267627	849.471772	858.054254	866.075996	873.590214	880.643597	887.277277	893.527633	899.426957	905.004012	910.284505	915.291478	920.045645	924.565682	928.868468	932.969299	936.882068	940.619420	944.192895	947.613038	950.889512	954.031183	957.046203	959.942078	962.725735	965.403572	967.981511	970.465039	972.859250	975.168877	977.398324	979.551696	981.632820	983.645274	985.592399	987.477328	989.302993	991.072145	992.787369	994.451094	996.065604	997.633052	999.155465	1000.634758	1002.072736	1003.471106	1004.831483	1006.155395	1007.444287	1008.699532	1009.922430	1011.114215	1012.276061	1013.409080	1014.514333	1015.592829	1016.645526	1017.673341	1018.677144	1019.657767	1020.616005	1021.552615	1022.468321	1023.363816	1024.239760	1025.096788	1025.935506	1026.756494
657.614998	684.195256	708.169097	729.841878	749.483054	767.329981	767.329981	782.202200	795.814664	808.320932	819.850580	830.513705	840.404456	849.603819	858.181841	866.199415	873.709729	880.759447	887.389681	893.636789	899.533047	905.107205	910.384954	915.389325	920.141022	924.658710	928.959261	933.057962	936.968697	940.704108	944.275725	947.694092	950.968863	954.108902	957.122355	960.016726	962.798936	965.475382	968.051981	970.534220	972.927187	975.235613	977.463902	979.616155	981.696198	983.707606	985.653720	987.537669	989.362385	991.130618	992.844951	994.507811	996.121483	997.688116	999.209738	1000.688262	1002.125493	1003.523137	1004.882807	1006.206031	1007.494254	1008.748846	1009.971109	1011.162275	1012.323517	1013.455947	1014.560626	1015.638561	1016.690712	1017.717992	1018.721274	1019.701388	1020.659128	1021.595251	1022.510482	1023.405511	1024.281000	1025.137583	1025.975865	1026.796426
657.846850	684.413291	708.374670	730.036184	749.667149	767.504798	767.504798	782.369285	795.974673	808.474440	819.998094	830.655675	840.541284	849.735865	858.309428	866.322834	873.829244	880.875298	887.502084	893.745945	899.639138	905.210398	910.485404	915.487173	920.236400	924.751739	929.050054	933.146624	937.055327	940.788796	944.358556	947.775146	951.048215	954.186621	957.198507	960.091374	962.872138	965.547192	968.122452	970.603400	972.995123	975.302350	977.529480	979.680614	981.759576	983.769938	985.715040	987.598010	989.421777	991.189091	992.902533	994.564529	996.177361	997.743180	999.264012	1000.741767	1002.178250	1003.575168	1004.934131	1006.256667	1007.544220	1008.798160	1010.019788	1011.210335	1012.370973	1013.502815	1014.606919	1015.684294	1016.735897	1017.762644	1018.765404	1019.745008	1020.702250	1021.637887	1022.552642	1023.447205	1024.322240	1025.178377	1026.016223	1026.836358
658.078703	684.631326	708.580242	730.230489	749.851244	767.679615	767.679615	782.536371	796.134682	808.627948	820.145608	830.797646	840.678113	849.867912	858.437015	866.446253	873.948759	880.991148	887.614488	893.855100	899.745228	905.313591	910.585853	915.585020	920.331777	924.844768	929.140848	933.235287	937.141956	940.873483	944.441387	947.856199	951.127566	954.264340	957.274660	960.166021	962.945339	965.619002	968.192923	970.672580	973.063059	975.369086	977.595058	979.745073	981.822953	983.832270	985.776360	987.658351	989.481170	991.247564	992.960115	994.621246	996.233240	997.798244	999.318285	1000.795271	1002.231008	1003.627199	1004.985455	1006.307303	1007.594186	1008.847475	1010.068466	1011.258394	1012.418428	1013.549682	1014.653212	1015.730026	1016.781083	1017.807295	1018.809534	1019.788629	1020.745373	1021.680523	1022.594802	1023.488900	1024.363479	1025.219172	1026.056582	1026.876290
658.310556	684.849361	708.785814	730.424795	750.035339	767.854432	767.854432	782.703456	796.294691	808.781455	820.293121	830.939617	840.814942	849.999959	858.564603	866.569673	874.068274	881.106998	887.726891	893.964256	899.851319	905.416784	910.686302	915.682868	920.427154	924.937797	929.231641	933.323949	937.228586	940.958171	944.524218	947.937253	951.206917	954.342059	957.350812	960.240669	963.018541	965.690812	968.263393	970.741760	973.130995	975.435822	977.660636	979.809532	981.886331	983.894602	985.837681	987.718692	989.540562	991.306037	993.017697	994.677964	996.289118	997.853308	999.372558	1000.848776	1002.283765	1003.679229	1005.036779	1006.357939	1007.644153	1008.896789	1010.117145	1011.306454	1012.465884	1013.596549	1014.699505	1015.775759	1016.826268	1017.851947	1018.853664	1019.832249	1020.788495	1021.723159	1022.636962	1023.530595	1024.404719	1025.259966	1026.096940	1026.916222
658.542409	685.067396	708.991386	730.619100	750.219434	768.029249	768.029249	782.870542	796.454700	808.934963	820.440635	831.081587	840.951771	850.132005	858.692190	866.693092	874.187789	881.222848	887.839294	894.073412	899.957409	905.519976	910.786751	915.780716	920.522532	925.030826	929.322434	933.412612	937.315215	941.042858	944.607049	948.018307	951.286269	954.419778	957.426965	960.315317	963.091742	965.762622	968.333864	970.810940	973.198932	975.502558	977.726213	979.873991	981.949708	983.956934	985.899001	987.779033	989.599954	991.364511	993.075279	994.734681	996.344997	997.908373	999.426831	1000.902280	1002.336523	1003.731260	1005.088103	1006.408575	1007.694119	1008.946103	1010.165824	1011.354513	1012.513340	1013.643416	1014.745798	1015.821491	1016.871454	1017.896598	1018.897794	1019.875870	1020.831618	1021.765795	1022.679122	1023.572290	1024.445959	1025.300760	1026.137299	1026.956154
658.774262	685.285431	709.196958	730.813405	750.403529	768.204066	768.204066	783.037628	796.614710	809.088471	820.588149	831.223558	841.088600	850.264052	858.819777	866.816511	874.307304	881.338698	887.951698	894.182568	900.063500	905.623169	910.887200	915.878563	920.617909	925.123855	929.413227	933.501274	937.401845	941.127546	944.689880	948.099361	951.365620	954.497497	957.503117	960.389965	963.164944	965.834433	968.404335	970.880121	973.266868	975.569294	977.791791	979.938450	982.013086	984.019265	985.960321	987.839373	989.659347	991.422984	993.132861	994.791399	996.400876	997.963437	999.481104	1000.955785	1002.389280	1003.783291	1005.139427	1006.459211	1007.744085	1008.995417	1010.214503	1011.402573	1012.560796	1013.690283	1014.792091	1015.867224	1016.916640	1017.941250	1018.941923	1019.919490	1020.874741	1021.808431	1022.721282	1023.613985	1024.487199	1025.341555	1026.177658	1026.996086
659.006115	685.503466	709.402530	731.007711	750.587623	768.378883	768.378883	783.204713	796.774719	809.241978	820.735663	831.365528	841.225429	850.396098	858.947364	866.939930	874.426819	881.454548	888.064101	894.291723	900.169591	905.726362	910.987649	915.976411	920.713287	925.216884	929.504020	933.589937	937.488474	941.212233	944.772711	948.180415	951.444972	954.575216	957.579270	960.464613	963.238145	965.906243	968.474805	970.949301	973.334804	975.636031	977.857369	980.002909	982.076464	984.081597	986.021641	987.899714	989.718739	991.481457	993.190442	994.848116	996.456754	998.018501	999.535377	1001.009289	1002.442037	1003.835322	1005.190751	1006.509847	1007.794052	1009.044731	1010.263181	1011.450632	1012.608252	1013.737150	1014.838384	1015.912956	1016.961825	1017.985901	1018.986053	1019.963110	1020.917863	1021.851067	1022.763442	1023.655680	1024.528438	1025.382349	1026.218016	1027.036018
659.237968	685.721501	709.608102	731.202016	750.771718	768.553700	768.553700	783.371799	796.934728	809.395486	820.883177	831.507499	841.362258	850.528145	859.074951	867.063350	874.546334	881.570398	888.176504	894.400879	900.275681	905.829555	911.088098	916.074258	920.808664	925.309912	929.594814	933.678599	937.575103	941.296921	944.855541	948.261468	951.524323	954.652935	957.655422	960.539261	963.311347	965.978053	968.545276	971.018481	973.402740	975.702767	977.922947	980.067367	982.139841	984.143929	986.082962	987.960055	989.778131	991.539930	993.248024	994.904833	996.512633	998.073565	999.589650	1001.062794	1002.494795	1003.887353	1005.242075	1006.560483	1007.844018	1009.094045	1010.311860	1011.498692	1012.655708	1013.784018	1014.884677	1015.958689	1017.007011	1018.030553	1019.030183	1020.006731	1020.960986	1021.893702	1022.805602	1023.697374	1024.569678	1025.423144	1026.258375	1027.075950
659.469821	685.939536	709.813674	731.396322	750.955813	768.728517	768.728517	783.538884	797.094737	809.548994	821.030691	831.649470	841.499087	850.660191	859.202539	867.186769	874.665849	881.686248	888.288908	894.510035	900.381772	905.932748	911.188548	916.172106	920.904041	925.402941	929.685607	933.767262	937.661733	941.381609	944.938372	948.342522	951.603674	954.730654	957.731575	960.613908	963.384548	966.049863	968.615747	971.087661	973.470677	975.769503	977.988525	980.131826	982.203219	984.206261	986.144282	988.020396	989.837524	991.598403	993.305606	994.961551	996.568511	998.128629	999.643923	1001.116298	1002.547552	1003.939383	1005.293399	1006.611119	1007.893985	1009.143360	1010.360539	1011.546751	1012.703164	1013.830885	1014.930970	1016.004421	1017.052196	1018.075204	1019.074313	1020.050351	1021.004108	1021.936338	1022.847762	1023.739069	1024.610918	1025.463938	1026.298734	1027.115882
659.701674	686.157571	710.019246	731.590627	751.139908	768.903334	768.903334	783.705970	797.254746	809.702501	821.178205	831.791440	841.635915	850.792238	859.330126	867.310188	874.785364	881.802098	888.401311	894.619191	900.487862	906.035940	911.288997	916.269954	920.999419	925.495970	929.776400	933.855924	937.748362	941.466296	945.021203	948.423576	951.683026	954.808373	957.807727	960.688556	963.457750	966.121673	968.686217	971.156842	973.538613	975.836239	978.054102	980.196285	982.266597	984.268593	986.205602	988.080737	989.896916	991.656876	993.363188	995.018268	996.624390	998.183693	999.698197	1001.169803	1002.600309	1003.991414	1005.344723	1006.661755	1007.943951	1009.192674	1010.409218	1011.594811	1012.750619	1013.877752	1014.977262	1016.050154	1017.097382	1018.119856	1019.118443	1020.093972	1021.047231	1021.978974	1022.889923	1023.780764	1024.652157	1025.504732	1026.339092	1027.155814
659.933526	686.375606	710.224818	731.784932	751.324003	769.078151	769.078151	783.873056	797.414755	809.856009	821.325719	831.933411	841.772744	850.924284	859.457713	867.433607	874.904879	881.917949	888.513714	894.728346	900.593953	906.139133	911.389446	916.367801	921.094796	925.588999	929.867193	933.944586	937.834992	941.550984	945.104034	948.504630	951.762377	954.886092	957.883880	960.763204	963.530951	966.193483	968.756688	971.226022	973.606549	975.902975	978.119680	980.260744	982.329974	984.330925	986.266923	988.141078	989.956308	991.715349	993.420770	995.074986	996.680268	998.238758	999.752470	1001.223307	1002.653067	1004.043445	1005.396047	1006.712391	1007.993917	1009.241988	1010.457897	1011.642870	1012.798075	1013.924619	1015.023555	1016.095887	1017.142567	1018.164507	1019.162573	1020.137592	1021.090353	1022.021610	1022.932083	1023.822459	1024.693397	1025.545527	1026.379451	1027.195746
660.165379	686.593641	710.430390	731.979238	751.508097	769.252968	769.252968	784.040141	797.574764	810.009517	821.473233	832.075381	841.909573	851.056331	859.585300	867.557026	875.024394	882.033799	888.626118	894.837502	900.700043	906.242326	911.489895	916.465649	921.190174	925.682028	929.957986	934.033249	937.921621	941.635671	945.186865	948.585684	951.841729	954.963811	957.960032	960.837852	963.604152	966.265293	968.827159	971.295202	973.674485	975.969712	978.185258	980.325203	982.393352	984.393257	986.328243	988.201419	990.015701	991.773822	993.478352	995.131703	996.736147	998.293822	999.806743	1001.276812	1002.705824	1004.095476	1005.447371	1006.763028	1008.043884	1009.291302	1010.506575	1011.690930	1012.845531	1013.971486	1015.069848	1016.141619	1017.187753	1018.209159	1019.206703	1020.181213	1021.133476	1022.064246	1022.974243	1023.864154	1024.734637	1025.586321	1026.419809	1027.235678
660.397232	686.811676	710.635962	732.173543	751.692192	769.427785	769.427785	784.207227	797.734773	810.163024	821.620747	832.217352	842.046402	851.188377	859.712887	867.680446	875.143908	882.149649	888.738521	894.946658	900.806134	906.345519	911.590344	916.563496	921.285551	925.775057	930.048780	934.121911	938.008251	941.720359	945.269696	948.666737	951.921080	955.041530	958.036185	960.912500	963.677354	966.337103	968.897629	971.364382	973.742422	976.036448	978.250836	980.389662	982.456730	984.455589	986.389563	988.261760	990.075093	991.832295	993.535934	995.188421	996.792026	998.348886	999.861016	1001.330316	1002.758581	1004.147506	1005.498695	1006.813664	1008.093850	1009.340616	1010.555254	1011.738990	1012.892987	1014.018353	1015.116141	1016.187352	1017.232938	1018.253810	1019.250833	1020.224833	1021.176598	1022.106882	1023.016403	1023.905849	1024.775877	1025.627116	1026.460168	1027.275610
660.629085	687.029711	710.841535	732.367848	751.876287	769.602602	769.602602	784.374312	797.894782	810.316532	821.768260	832.359323	842.183231	851.320424	859.840475	867.803865	875.263423	882.265499	888.850924	895.055814	900.912225	906.448712	911.690793	916.661344	921.380928	925.868086	930.139573	934.210574	938.094880	941.805046	945.352527	948.747791	952.000431	955.119249	958.112337	960.987147	963.750555	966.408913	968.968100	971.433563	973.810358	976.103184	978.316414	980.454121	982.520107	984.517921	986.450884	988.322101	990.134485	991.890768	993.593516	995.245138	996.847904	998.403950	999.915289	1001.383821	1002.811339	1004.199537	1005.550019	1006.864300	1008.143817	1009.389931	1010.603933	1011.787049	1012.940443	1014.065221	1015.162434	1016.233084	1017.278124	1018.298462	1019.294963	1020.268454	1021.219721	1022.149518	1023.058563	1023.947543	1024.817116	1025.667910	1026.500527	1027.315542
660.860938	687.247746	711.047107	732.562154	752.060382	769.777419	769.777419	784.541398	798.054791	810.470039	821.915774	832.501293	842.320060	851.452470	859.968062	867.927284	875.382938	882.381349	888.963328	895.164970	901.018315	906.551904	911.791242	916.759192	921.476306	925.961114	930.230366	934.299236	938.181510	941.889734	945.435357	948.828845	952.079783	955.196968	958.188490	961.061795	963.823757	966.480724	969.038571	971.502743	973.878294	976.169920	978.381992	980.518580	982.583485	984.580253	986.512204	988.382442	990.193878	991.949242	993.651098	995.301856	996.903783	998.459014	999.969562	1001.437325	1002.864096	1004.251568	1005.601343	1006.914936	1008.193783	1009.439245	1010.652612	1011.835109	1012.987899	1014.112088	1015.208727	1016.278817	1017.323310	1018.343113	1019.339093	1020.312074	1021.262844	1022.192154	1023.100723	1023.989238	1024.858356	1025.708704	1026.540885	1027.355474
661.092791	687.465781	711.252679	732.756459	752.244477	769.952236	769.952236	784.708484	798.214800	810.623547	822.063288	832.643264	842.456889	851.584517	860.095649	868.050703	875.502453	882.497199	889.075731	895.274125	901.124406	906.655097	911.891692	916.857039	921.571683	926.054143	930.321159	934.387899	938.268139	941.974422	945.518188	948.909899	952.159134	955.274687	958.264642	961.136443	963.896958	966.552534	969.109041	971.571923	973.946230	976.236656	978.447569	980.583039	982.646862	984.642585	986.573524	988.442783	990.253270	992.007715	993.708680	995.358573	996.959661	998.514078	1000.023835	1001.490830	1002.916854	1004.303599	1005.652667	1006.965572	1008.243749	1009.488559	1010.701290	1011.883168	1013.035355	1014.158955	1015.255020	1016.324549	1017.368495	1018.387765	1019.383223	1020.355694	1021.305966	1022.234790	1023.142883	1024.030933	1024.899596	1025.749499	1026.581244	1027.395407
661.324644	687.683816	711.458251	732.950765	752.428571	770.127053	770.127053	784.875569	798.374810	810.777055	822.210802	832.785235	842.593717	851.716563	860.223236	868.174123	875.621968	882.613049	889.188134	895.383281	901.230496	906.758290	911.992141	916.954887	921.667061	926.147172	930.411952	934.476561	938.354769	942.059109	945.601019	948.990953	952.238486	955.352406	958.340795	961.211091	963.970160	966.624344	969.179512	971.641103	974.014167	976.303393	978.513147	980.647498	982.710240	984.704917	986.634844	988.503124	990.312662	992.066188	993.766261	995.415291	997.015540	998.569142	1000.078108	1001.544334	1002.969611	1004.355630	1005.703991	1007.016208	1008.293716	1009.537873	1010.749969	1011.931228	1013.082811	1014.205822	1015.301313	1016.370282	1017.413681	1018.432416	1019.427353	1020.399315	1021.349089	1022.277426	1023.185043	1024.072628	1024.940835	1025.790293	1026.621602	1027.435339
661.556497	687.901851	711.663823	733.145070	752.612666	770.301870	770.301870	785.042655	798.534819	810.930562	822.358316	832.927205	842.730546	851.848610	860.350823	868.297542	875.741483	882.728899	889.300538	895.492437	901.336587	906.861483	912.092590	917.052734	921.762438	926.240201	930.502746	934.565224	938.441398	942.143797	945.683850	949.072006	952.317837	955.430125	958.416947	961.285739	964.043361	966.696154	969.249982	971.710284	974.082103	976.370129	978.578725	980.711957	982.773618	984.767249	986.696165	988.563464	990.372055	992.124661	993.823843	995.472008	997.071418	998.624207	1000.132382	1001.597839	1003.022368	1004.407660	1005.755314	1007.066844	1008.343682	1009.587187	1010.798648	1011.979287	1013.130266	1014.252689	1015.347606	1016.416014	1017.458866	1018.477068	1019.471483	1020.442935	1021.392211	1022.320062	1023.227204	1024.114323	1024.982075	1025.831088	1026.661961	1027.475271
661.788350	688.119886	711.869395	733.339375	752.796761	770.476687	770.476687	785.209740	798.694828	811.084070	822.505830	833.069176	842.867375	851.980656	860.478411	868.420961	875.860998	882.844750	889.412941	895.601593	901.442677	906.964676	912.193039	917.150582	921.857815	926.333230	930.593539	934.653886	938.528027	942.228484	945.766681	949.153060	952.397188	955.507844	958.493099	961.360387	964.116563	966.767964	969.320453	971.779464	974.150039	976.436865	978.644303	980.776416	982.836995	984.829581	986.757485	988.623805	990.431447	992.183134	993.881425	995.528725	997.127297	998.679271	1000.186655	1001.651343	1003.075126	1004.459691	1005.806638	1007.117480	1008.393648	1009.636501	1010.847327	1012.027347	1013.177722	1014.299556	1015.393898	1016.461747	1017.504052	1018.521719	1019.515613	1020.486556	1021.435334	1022.362697	1023.269364	1024.156018	1025.023315	1025.871882	1026.702320	1027.515203
662.020202	688.337921	712.074967	733.533681	752.980856	770.651504	770.651504	785.376826	798.854837	811.237578	822.653344	833.211146	843.004204	852.112703	860.605998	868.544380	875.980513	882.960600	889.525345	895.710748	901.548768	907.067868	912.293488	917.248430	921.953193	926.426259	930.684332	934.742549	938.614657	942.313172	945.849512	949.234114	952.476540	955.585563	958.569252	961.435034	964.189764	966.839774	969.390924	971.848644	974.217975	976.503601	978.709881	980.840875	982.900373	984.891913	986.818805	988.684146	990.490839	992.241607	993.939007	995.585443	997.183176	998.734335	1000.240928	1001.704848	1003.127883	1004.511722	1005.857962	1007.168116	1008.443615	1009.685816	1010.896006	1012.075406	1013.225178	1014.346424	1015.440191	1016.507479	1017.549237	1018.566371	1019.559743	1020.530176	1021.478456	1022.405333	1023.311524	1024.197712	1025.064554	1025.912676	1026.742678	1027.555135
662.252055	688.555956	712.280539	733.727986	753.164951	770.826321	770.826321	785.543912	799.014846	811.391085	822.800858	833.353117	843.141033	852.244750	860.733585	868.667799	876.100028	883.076450	889.637748	895.819904	901.654858	907.171061	912.393937	917.346277	922.048570	926.519288	930.775125	934.831211	938.701286	942.397860	945.932343	949.315168	952.555891	955.663283	958.645404	961.509682	964.262966	966.911584	969.461394	971.917824	974.285912	976.570337	978.775458	980.905334	982.963751	984.954245	986.880126	988.744487	990.550232	992.300080	993.996589	995.642160	997.239054	998.789399	1000.295201	1001.758353	1003.180640	1004.563753	1005.909286	1007.218752	1008.493581	1009.735130	1010.944684	1012.123466	1013.272634	1014.393291	1015.486484	1016.553212	1017.594423	1018.611023	1019.603873	1020.573797	1021.521579	1022.447969	1023.353684	1024.239407	1025.105794	1025.953471	1026.783037	1027.595067
662.483908	688.773991	712.486111	733.922291	753.349046	771.001138	771.001138	785.710997	799.174855	811.544593	822.948372	833.495088	843.277862	852.376796	860.861172	868.791219	876.219543	883.192300	889.750151	895.929060	901.760949	907.274254	912.494386	917.444125	922.143948	926.612317	930.865918	934.919874	938.787916	942.482547	946.015173	949.396222	952.635243	955.741002	958.721557	961.584330	964.336167	966.983394	969.531865	971.987005	974.353848	976.637074	978.841036	980.969793	983.027128	985.016577	986.941446	988.804828	990.609624	992.358553	994.054171	995.698878	997.294933	998.844463	1000.349474	1001.811857	1003.233398	1004.615784	1005.960610	1007.269388	1008.543548	1009.784444	1010.993363	1012.171525	1013.320090	1014.440158	1015.532777	1016.598944	1017.639609	1018.655674	1019.648003	1020.617417	1021.564701	1022.490605	1023.395844	1024.281102	1025.147034	1025.994265	1026.823396	1027.634999
662.715761	688.992026	712.691683	734.116597	753.533140	771.175955	771.175955	785.878083	799.334864	811.698101	823.095886	833.637058	843.414691	852.508843	860.988759	868.914638	876.339058	883.308150	889.862555	896.038216	901.867040	907.377447	912.594836	917.541972	922.239325	926.705345	930.956712	935.008536	938.874545	942.567235	946.098004	949.477275	952.714594	955.818721	958.797709	961.658978	964.409369	967.055204	969.602336	972.056185	974.421784	976.703810	978.906614	981.034252	983.090506	985.078909	987.002766	988.865169	990.669016	992.417026	994.111753	995.755595	997.350811	998.899527	1000.403747	1001.865362	1003.286155	1004.667814	1006.011934	1007.320024	1008.593514	1009.833758	1011.042042	1012.219585	1013.367546	1014.487025	1015.579070	1016.644677	1017.684794	1018.700326	1019.692133	1020.661038	1021.607824	1022.533241	1023.438004	1024.322797	1025.188274	1026.035060	1026.863754	1027.674931
662.947614	689.210061	712.897255	734.310902	753.717235	771.350772	771.350772	786.045168	799.494873	811.851608	823.243399	833.779029	843.551519	852.640889	861.116347	869.038057	876.458573	883.424000	889.974958	896.147371	901.973130	907.480640	912.695285	917.639820	922.334702	926.798374	931.047505	935.097199	938.961175	942.651922	946.180835	949.558329	952.793945	955.896440	958.873862	961.733626	964.482570	967.127015	969.672806	972.125365	974.489720	976.770546	978.972192	981.098711	983.153883	985.141241	987.064086	988.925510	990.728408	992.475500	994.169335	995.812313	997.406690	998.954591	1000.458020	1001.918866	1003.338912	1004.719845	1006.063258	1007.370660	1008.643480	1009.883072	1011.090721	1012.267644	1013.415002	1014.533892	1015.625363	1016.690409	1017.729980	1018.744977	1019.736263	1020.704658	1021.650947	1022.575877	1023.480164	1024.364492	1025.229513	1026.075854	1026.904113	1027.714863
663.179467	689.428096	713.102827	734.505208	753.901330	771.525589	771.525589	786.212254	799.654882	812.005116	823.390913	833.921000	843.688348	852.772936	861.243934	869.161476	876.578088	883.539850	890.087361	896.256527	902.079221	907.583833	912.795734	917.737668	922.430080	926.891403	931.138298	935.185861	939.047804	942.736610	946.263666	949.639383	952.873297	955.974159	958.950014	961.808273	964.555772	967.198825	969.743277	972.194545	974.557656	976.837282	979.037770	981.163170	983.217261	985.203573	987.125407	988.985851	990.787801	992.533973	994.226917	995.869030	997.462568	999.009656	1000.512294	1001.972371	1003.391670	1004.771876	1006.114582	1007.421296	1008.693447	1009.932386	1011.139399	1012.315704	1013.462457	1014.580759	1015.671656	1016.736142	1017.775165	1018.789629	1019.780393	1020.748278	1021.694069	1022.618513	1023.522324	1024.406187	1025.270753	1026.116648	1026.944471	1027.754795
663.411320	689.646131	713.308400	734.699513	754.085425	771.700406	771.700406	786.379340	799.814891	812.158624	823.538427	834.062970	843.825177	852.904982	861.371521	869.284896	876.697603	883.655700	890.199765	896.365683	902.185311	907.687025	912.896183	917.835515	922.525457	926.984432	931.229091	935.274523	939.134434	942.821297	946.346497	949.720437	952.952648	956.051878	959.026167	961.882921	964.628973	967.270635	969.813748	972.263726	974.625593	976.904018	979.103347	981.227629	983.280639	985.265905	987.186727	989.046192	990.847193	992.592446	994.284499	995.925748	997.518447	999.064720	1000.566567	1002.025875	1003.444427	1004.823907	1006.165906	1007.471933	1008.743413	1009.981701	1011.188078	1012.363764	1013.509913	1014.627627	1015.717949	1016.781874	1017.820351	1018.834280	1019.824523	1020.791899	1021.737192	1022.661149	1023.564485	1024.447881	1025.311993	1026.157443	1026.984830	1027.794727
663.643173	689.864166	713.513972	734.893818	754.269520	771.875223	771.875223	786.546425	799.974900	812.312131	823.685941	834.204941	843.962006	853.037029	861.499108	869.408315	876.817118	883.771550	890.312168	896.474839	902.291402	907.790218	912.996632	917.933363	922.620835	927.077461	931.319884	935.363186	939.221063	942.905985	946.429328	949.801491	953.032000	956.129597	959.102319	961.957569	964.702175	967.342445	969.884218	972.332906	974.693529	976.970755	979.168925	981.292088	983.344016	985.328237	987.248047	989.106533	990.906585	992.650919	994.342080	995.982465	997.574326	999.119784	1000.620840	1002.079380	1003.497184	1004.875937	1006.217230	1007.522569	1008.793379	1010.031015	1011.236757	1012.411823	1013.557369	1014.674494	1015.764242	1016.827607	1017.865536	1018.878932	1019.868653	1020.835519	1021.780314	1022.703785	1023.606645	1024.489576	1025.353232	1026.198237	1027.025189	1027.834659
663.875026	690.082201	713.719544	735.088124	754.453614	772.050040	772.050040	786.713511	800.134910	812.465639	823.833455	834.346911	844.098835	853.169075	861.626695	869.531734	876.936633	883.887401	890.424571	896.583994	902.397492	907.893411	913.097081	918.031210	922.716212	927.170490	931.410678	935.451848	939.307692	942.990673	946.512158	949.882544	953.111351	956.207316	959.178472	962.032217	964.775376	967.414255	969.954689	972.402086	974.761465	977.037491	979.234503	981.356547	983.407394	985.390569	987.309368	989.166874	990.965978	992.709392	994.399662	996.039182	997.630204	999.174848	1000.675113	1002.132884	1003.549942	1004.927968	1006.268554	1007.573205	1008.843346	1010.080329	1011.285436	1012.459883	1013.604825	1014.721361	1015.810534	1016.873339	1017.910722	1018.923583	1019.912783	1020.879140	1021.823437	1022.746421	1023.648805	1024.531271	1025.394472	1026.239032	1027.065547	1027.874591
664.106878	690.300236	713.925116	735.282429	754.637709	772.224857	772.224857	786.880596	800.294919	812.619146	823.980969	834.488882	844.235664	853.301122	861.754283	869.655153	877.056148	884.003251	890.536975	896.693150	902.503583	907.996604	913.197530	918.129058	922.811589	927.263519	931.501471	935.540511	939.394322	943.075360	946.594989	949.963598	953.190702	956.285035	959.254624	962.106865	964.848577	967.486065	970.025160	972.471266	974.829401	977.104227	979.300081	981.421006	983.470772	985.452901	987.370688	989.227215	991.025370	992.767865	994.457244	996.095900	997.686083	999.229912	1000.729386	1002.186389	1003.602699	1004.979999	1006.319878	1007.623841	1008.893312	1010.129643	1011.334115	1012.507942	1013.652281	1014.768228	1015.856827	1016.919072	1017.955907	1018.968235	1019.956913	1020.922760	1021.866559	1022.789057	1023.690965	1024.572966	1025.435712	1026.279826	1027.105906	1027.914523
664.338731	690.518271	714.130688	735.476734	754.821804	772.399674	772.399674	787.047682	800.454928	812.772654	824.128483	834.630853	844.372493	853.433168	861.881870	869.778572	877.175663	884.119101	890.649378	896.802306	902.609674	908.099797	913.297980	918.226905	922.906967	927.356547	931.592264	935.629173	939.480951	943.160048	946.677820	950.044652	953.270054	956.362754	959.330777	962.181513	964.921779	967.557875	970.095630	972.540447	974.897338	977.170963	979.365659	981.485464	983.534149	985.515233	987.432008	989.287555	991.084762	992.826338	994.514826	996.152617	997.741961	999.284976	1000.783659	1002.239893	1003.655457	1005.032030	1006.371202	1007.674477	1008.943279	1010.178957	1011.382793	1012.556002	1013.699737	1014.815095	1015.903120	1016.964804	1018.001093	1019.012886	1020.001043	1020.966381	1021.909682	1022.831692	1023.733125	1024.614661	1025.476952	1026.320621	1027.146265	1027.954455
664.570584	690.736306	714.336260	735.671040	755.005899	772.574491	772.574491	787.214768	800.614937	812.926162	824.275997	834.772823	844.509322	853.565215	862.009457	869.901992	877.295178	884.234951	890.761781	896.911462	902.715764	908.202989	913.398429	918.324753	923.002344	927.449576	931.683057	935.717836	939.567581	943.244735	946.760651	950.125706	953.349405	956.440473	959.406929	962.256160	964.994980	967.629685	970.166101	972.609627	974.965274	977.237699	979.431237	981.549923	983.597527	985.577565	987.493329	989.347896	991.144155	992.884811	994.572408	996.209335	997.797840	999.340041	1000.837932	1002.293398	1003.708214	1005.084061	1006.422526	1007.725113	1008.993245	1010.228272	1011.431472	1012.604061	1013.747193	1014.861962	1015.949413	1017.010537	1018.046279	1019.057538	1020.045172	1021.010001	1021.952804	1022.874328	1023.775285	1024.656356	1025.518191	1026.361415	1027.186623	1027.994387
664.802437	690.954341	714.541832	735.865345	755.189994	772.749308	772.749308	787.381853	800.774946	813.079669	824.423511	834.914794	844.646150	853.697261	862.137044	870.025411	877.414692	884.350801	890.874185	897.020618	902.821855	908.306182	913.498878	918.422601	923.097722	927.542605	931.773850	935.806498	939.654210	943.329423	946.843482	950.206760	953.428757	956.518192	959.483082	962.330808	965.068182	967.701495	970.236572	972.678807	975.033210	977.304436	979.496814	981.614382	983.660905	985.639897	987.554649	989.408237	991.203547	992.943284	994.629990	996.266052	997.853719	999.395105	1000.892205	1002.346902	1003.760971	1005.136091	1006.473850	1007.775749	1009.043211	1010.277586	1011.480151	1012.652121	1013.794648	1014.908830	1015.995706	1017.056270	1018.091464	1019.102189	1020.089302	1021.053622	1021.995927	1022.916964	1023.817445	1024.698051	1025.559431	1026.402209	1027.226982	1028.034319
665.034290	691.172376	714.747404	736.059651	755.374089	772.924125	772.924125	787.548939	800.934955	813.233177	824.571025	835.056764	844.782979	853.829308	862.264631	870.148830	877.534207	884.466651	890.986588	897.129773	902.927945	908.409375	913.599327	918.520448	923.193099	927.635634	931.864644	935.895161	939.740840	943.414110	946.926313	950.287813	953.508108	956.595911	959.559234	962.405456	965.141383	967.773305	970.307042	972.747987	975.101146	977.371172	979.562392	981.678841	983.724282	985.702229	987.615969	989.468578	991.262939	993.001757	994.687572	996.322770	997.909597	999.450169	1000.946479	1002.400407	1003.813729	1005.188122	1006.525174	1007.826385	1009.093178	1010.326900	1011.528830	1012.700180	1013.842104	1014.955697	1016.041999	1017.102002	1018.136650	1019.146841	1020.133432	1021.097242	1022.039050	1022.959600	1023.859605	1024.739745	1025.600671	1026.443004	1027.267340	1028.074251
665.266143	691.390411	714.952976	736.253956	755.558183	773.098942	773.098942	787.716024	801.094964	813.386685	824.718538	835.198735	844.919808	853.961354	862.392219	870.272249	877.653722	884.582501	891.098992	897.238929	903.034036	908.512568	913.699776	918.618296	923.288476	927.728663	931.955437	935.983823	939.827469	943.498798	947.009144	950.368867	953.587459	956.673630	959.635387	962.480104	965.214585	967.845116	970.377513	972.817168	975.169083	977.437908	979.627970	981.743300	983.787660	985.764561	987.677289	989.528919	991.322332	993.060231	994.745154	996.379487	997.965476	999.505233	1001.000752	1002.453911	1003.866486	1005.240153	1006.576498	1007.877021	1009.143144	1010.376214	1011.577508	1012.748240	1013.889560	1015.002564	1016.088292	1017.147735	1018.181835	1019.191492	1020.177562	1021.140862	1022.082172	1023.002236	1023.901765	1024.781440	1025.641910	1026.483798	1027.307699	1028.114183
665.497996	691.608446	715.158548	736.448261	755.742278	773.273759	773.273759	787.883110	801.254973	813.540192	824.866052	835.340706	845.056637	854.093401	862.519806	870.395669	877.773237	884.698351	891.211395	897.348085	903.140126	908.615761	913.800225	918.716143	923.383854	927.821692	932.046230	936.072486	939.914099	943.583486	947.091974	950.449921	953.666811	956.751349	959.711539	962.554752	965.287786	967.916926	970.447984	972.886348	975.237019	977.504644	979.693548	981.807759	983.851037	985.826893	987.738610	989.589260	991.381724	993.118704	994.802736	996.436205	998.021354	999.560297	1001.055025	1002.507416	1003.919243	1005.292184	1006.627822	1007.927657	1009.193111	1010.425528	1011.626187	1012.796299	1013.937016	1015.049431	1016.134585	1017.193467	1018.227021	1019.236144	1020.221692	1021.184483	1022.125295	1023.044872	1023.943926	1024.823135	1025.683150	1026.524593	1027.348058	1028.154116
665.729849	691.826481	715.364120	736.642567	755.926373	773.448576	773.448576	788.050196	801.414982	813.693700	825.013566	835.482676	845.193466	854.225447	862.647393	870.519088	877.892752	884.814201	891.323798	897.457241	903.246217	908.718953	913.900674	918.813991	923.479231	927.914721	932.137023	936.161148	940.000728	943.668173	947.174805	950.530975	953.746162	956.829068	959.787691	962.629399	965.360988	967.988736	970.518454	972.955528	975.304955	977.571380	979.759126	981.872218	983.914415	985.889225	987.799930	989.649601	991.441116	993.177177	994.860317	996.492922	998.077233	999.615361	1001.109298	1002.560920	1003.972001	1005.344215	1006.679146	1007.978293	1009.243077	1010.474842	1011.674866	1012.844359	1013.984472	1015.096298	1016.180878	1017.239200	1018.272206	1019.280795	1020.265822	1021.228103	1022.168417	1023.087508	1023.986086	1024.864830	1025.724390	1026.565387	1027.388416	1028.194048
665.961702	692.044516	715.569693	736.836872	756.110468	773.623393	773.623393	788.217281	801.574991	813.847208	825.161080	835.624647	845.330295	854.357494	862.774980	870.642507	878.012267	884.930052	891.436202	897.566396	903.352308	908.822146	914.001124	918.911839	923.574609	928.007749	932.227816	936.249811	940.087358	943.752861	947.257636	950.612029	953.825513	956.906787	959.863844	962.704047	965.434189	968.060546	970.588925	973.024708	975.372891	977.638117	979.824703	981.936677	983.977793	985.951557	987.861250	989.709942	991.500509	993.235650	994.917899	996.549640	998.133111	999.670425	1001.163571	1002.614425	1004.024758	1005.396245	1006.730470	1008.028929	1009.293043	1010.524157	1011.723545	1012.892419	1014.031928	1015.143165	1016.227171	1017.284932	1018.317392	1019.325447	1020.309952	1021.271724	1022.211540	1023.130144	1024.028246	1024.906525	1025.765629	1026.606181	1027.428775	1028.233980
666.193555	692.262551	715.775265	737.031178	756.294563	773.798210	773.798210	788.384367	801.735000	814.000715	825.308594	835.766618	845.467124	854.489540	862.902567	870.765926	878.131782	885.045902	891.548605	897.675552	903.458398	908.925339	914.101573	919.009686	923.669986	928.100778	932.318610	936.338473	940.173987	943.837548	947.340467	950.693082	953.904865	956.984506	959.939996	962.778695	965.507391	968.132356	970.659395	973.093889	975.440828	977.704853	979.890281	982.001136	984.041170	986.013889	987.922571	989.770283	991.559901	993.294123	994.975481	996.606357	998.188990	999.725490	1001.217844	1002.667929	1004.077515	1005.448276	1006.781794	1008.079565	1009.343010	1010.573471	1011.772224	1012.940478	1014.079384	1015.190033	1016.273463	1017.330665	1018.362577	1019.370098	1020.354082	1021.315344	1022.254662	1023.172780	1024.070406	1024.948220	1025.806869	1026.646976	1027.469134	1028.273912
666.425407	692.480586	715.980837	737.225483	756.478657	773.973027	773.973027	788.551452	801.895010	814.154223	825.456108	835.908588	845.603952	854.621587	863.030155	870.889345	878.251297	885.161752	891.661008	897.784708	903.564489	909.028532	914.202022	919.107534	923.765363	928.193807	932.409403	936.427136	940.260616	943.922236	947.423298	950.774136	953.984216	957.062225	960.016149	962.853343	965.580592	968.204166	970.729866	973.163069	975.508764	977.771589	979.955859	982.065595	984.104548	986.076221	987.983891	989.830624	991.619293	993.352596	995.033063	996.663074	998.244869	999.780554	1001.272117	1002.721434	1004.130273	1005.500307	1006.833118	1008.130201	1009.392976	1010.622785	1011.820902	1012.988538	1014.126840	1015.236900	1016.319756	1017.376397	1018.407763	1019.414750	1020.398212	1021.358965	1022.297785	1023.215416	1024.112566	1024.989914	1025.848109	1026.687770	1027.509492	1028.313844
666.657260	692.698622	716.186409	737.419788	756.662752	774.147844	774.147844	788.718538	802.055019	814.307731	825.603622	836.050559	845.740781	854.753634	863.157742	871.012765	878.370812	885.277602	891.773412	897.893864	903.670579	909.131725	914.302471	919.205381	923.860741	928.286836	932.500196	936.515798	940.347246	944.006924	947.506129	950.855190	954.063568	957.139944	960.092301	962.927991	965.653794	968.275976	970.800337	973.232249	975.576700	977.838325	980.021437	982.130054	984.167926	986.138553	988.045211	989.890965	991.678686	993.411069	995.090645	996.719792	998.300747	999.835618	1001.326390	1002.774938	1004.183030	1005.552338	1006.884442	1008.180838	1009.442942	1010.672099	1011.869581	1013.036597	1014.174295	1015.283767	1016.366049	1017.422130	1018.452949	1019.459401	1020.442342	1021.402585	1022.340907	1023.258052	1024.154726	1025.031609	1025.889349	1026.728565	1027.549851	1028.353776
666.889113	692.916657	716.391981	737.614094	756.846847	774.322661	774.322661	788.885624	802.215028	814.461238	825.751136	836.192529	845.877610	854.885680	863.285329	871.136184	878.490327	885.393452	891.885815	898.003019	903.776670	909.234917	914.402920	919.303229	923.956118	928.379865	932.590989	936.604460	940.433875	944.091611	947.588960	950.936244	954.142919	957.217663	960.168454	963.002638	965.726995	968.347786	970.870807	973.301429	975.644636	977.905061	980.087015	982.194513	984.231303	986.200885	988.106532	989.951305	991.738078	993.469542	995.148227	996.776509	998.356626	999.890682	1001.380664	1002.828443	1004.235788	1005.604368	1006.935765	1008.231474	1009.492909	1010.721413	1011.918260	1013.084657	1014.221751	1015.330634	1016.412342	1017.467862	1018.498134	1019.504053	1020.486472	1021.446205	1022.384030	1023.300687	1024.196886	1025.073304	1025.930588	1026.769359	1027.590209	1028.393708
667.120966	693.134692	716.597553	737.808399	757.030942	774.497478	774.497478	789.052709	802.375037	814.614746	825.898650	836.334500	846.014439	855.017727	863.412916	871.259603	878.609842	885.509302	891.998218	898.112175	903.882760	909.338110	914.503369	919.401077	924.051496	928.472894	932.681782	936.693123	940.520505	944.176299	947.671790	951.017298	954.222270	957.295382	960.244606	963.077286	965.800197	968.419596	970.941278	973.370610	975.712573	977.971798	980.152592	982.258972	984.294681	986.263217	988.167852	990.011646	991.797470	993.528015	995.205809	996.833227	998.412504	999.945746	1001.434937	1002.881947	1004.288545	1005.656399	1006.987089	1008.282110	1009.542875	1010.770727	1011.966939	1013.132716	1014.269207	1015.377501	1016.458635	1017.513595	1018.543320	1019.548704	1020.530602	1021.489826	1022.427153	1023.343323	1024.239046	1025.114999	1025.971828	1026.810153	1027.630568	1028.433640
667.352819	693.352727	716.803125	738.002704	757.215037	774.672295	774.672295	789.219795	802.535046	814.768254	826.046164	836.476471	846.151268	855.149773	863.540503	871.383022	878.729357	885.625152	892.110622	898.221331	903.988851	909.441303	914.603818	919.498924	924.146873	928.565923	932.772576	936.781785	940.607134	944.260986	947.754621	951.098351	954.301622	957.373101	960.320759	963.151934	965.873398	968.491407	971.011749	973.439790	975.780509	978.038534	980.218170	982.323431	984.358058	986.325549	988.229172	990.071987	991.856863	993.586488	995.263391	996.889944	998.468383	1000.000810	1001.489210	1002.935452	1004.341302	1005.708430	1007.038413	1008.332746	1009.592842	1010.820042	1012.015617	1013.180776	1014.316663	1015.424368	1016.504928	1017.559327	1018.588505	1019.593356	1020.574732	1021.533446	1022.470275	1023.385959	1024.281207	1025.156694	1026.013068	1026.850948	1027.670927	1028.473572
667.584672	693.570762	717.008697	738.197010	757.399132	774.847112	774.847112	789.386880	802.695055	814.921761	826.193677	836.618441	846.288097	855.281820	863.668091	871.506442	878.848872	885.741002	892.223025	898.330487	904.094941	909.544496	914.704268	919.596772	924.242250	928.658951	932.863369	936.870448	940.693764	944.345674	947.837452	951.179405	954.380973	957.450820	960.396911	963.226582	965.946600	968.563217	971.082219	973.508970	975.848445	978.105270	980.283748	982.387890	984.421436	986.387881	988.290492	990.132328	991.916255	993.644962	995.320973	996.946662	998.524261	1000.055875	1001.543483	1002.988956	1004.394060	1005.760461	1007.089737	1008.383382	1009.642808	1010.869356	1012.064296	1013.228835	1014.364119	1015.471236	1016.551221	1017.605060	1018.633691	1019.638007	1020.618862	1021.577067	1022.513398	1023.428595	1024.323367	1025.198389	1026.054307	1026.891742	1027.711285	1028.513504
667.816525	693.788797	717.214269	738.391315	757.583226	775.021929	775.021929	789.553966	802.855064	815.075269	826.341191	836.760412	846.424926	855.413866	863.795678	871.629861	878.968387	885.856853	892.335428	898.439642	904.201032	909.647689	914.804717	919.694619	924.337628	928.751980	932.954162	936.959110	940.780393	944.430361	947.920283	951.260459	954.460325	957.528539	960.473064	963.301230	966.019801	968.635027	971.152690	973.578150	975.916381	978.172006	980.349326	982.452349	984.484814	986.450213	988.351813	990.192669	991.975647	993.703435	995.378555	997.003379	998.580140	1000.110939	1001.597756	1003.042461	1004.446817	1005.812492	1007.141061	1008.434018	1009.692774	1010.918670	1012.112975	1013.276895	1014.411575	1015.518103	1016.597514	1017.650792	1018.678876	1019.682659	1020.662992	1021.620687	1022.556520	1023.471231	1024.365527	1025.240083	1026.095547	1026.932537	1027.751644	1028.553436
668.048378	694.006832	717.419841	738.585621	757.767321	775.196746	775.196746	789.721052	803.015073	815.228776	826.488705	836.902383	846.561754	855.545913	863.923265	871.753280	879.087902	885.972703	892.447832	898.548798	904.307123	909.750882	914.905166	919.792467	924.433005	928.845009	933.044955	937.047773	940.867023	944.515049	948.003114	951.341513	954.539676	957.606258	960.549216	963.375878	966.093002	968.706837	971.223161	973.647330	975.984318	978.238742	980.414904	982.516808	984.548191	986.512545	988.413133	990.253010	992.035040	993.761908	995.436136	997.060097	998.636019	1000.166003	1001.652029	1003.095965	1004.499574	1005.864522	1007.192385	1008.484654	1009.742741	1010.967984	1012.161654	1013.324954	1014.459031	1015.564970	1016.643807	1017.696525	1018.724062	1019.727311	1020.707122	1021.664308	1022.599643	1023.513867	1024.407687	1025.281778	1026.136787	1026.973331	1027.792003	1028.593368
668.280231	694.224867	717.625413	738.779926	757.951416	775.371563	775.371563	789.888137	803.175082	815.382284	826.636219	837.044353	846.698583	855.677959	864.050852	871.876699	879.207417	886.088553	892.560235	898.657954	904.413213	909.854074	915.005615	919.890315	924.528383	928.938038	933.135748	937.136435	940.953652	944.599737	948.085945	951.422567	954.619027	957.683977	960.625369	963.450525	966.166204	968.778647	971.293631	973.716511	976.052254	978.305479	980.480482	982.581267	984.611569	986.574877	988.474453	990.313351	992.094432	993.820381	995.493718	997.116814	998.691897	1000.221067	1001.706302	1003.149470	1004.552332	1005.916553	1007.243709	1008.535290	1009.792707	1011.017298	1012.210333	1013.373014	1014.506486	1015.611837	1016.690099	1017.742257	1018.769247	1019.771962	1020.751252	1021.707928	1022.642765	1023.556503	1024.449847	1025.323473	1026.178027	1027.014125	1027.832361	1028.633300
668.512083	694.442902	717.830985	738.974231	758.135511	775.546380	775.546380	790.055223	803.335091	815.535792	826.783733	837.186324	846.835412	855.810006	864.178439	872.000118	879.326932	886.204403	892.672638	898.767110	904.519304	909.957267	915.106064	919.988162	924.623760	929.031067	933.226542	937.225098	941.040282	944.684424	948.168776	951.503620	954.698379	957.761696	960.701521	963.525173	966.239405	968.850457	971.364102	973.785691	976.120190	978.372215	980.546059	982.645726	984.674947	986.637209	988.535774	990.373692	992.153824	993.878854	995.551300	997.173531	998.747776	1000.276131	1001.760576	1003.202974	1004.605089	1005.968584	1007.295033	1008.585926	1009.842674	1011.066613	1012.259011	1013.421074	1014.553942	1015.658704	1016.736392	1017.787990	1018.814433	1019.816614	1020.795382	1021.751549	1022.685888	1023.599139	1024.492007	1025.365168	1026.219266	1027.054920	1027.872720	1028.673232
668.743936	694.660937	718.036558	739.168537	758.319606	775.721197	775.721197	790.222309	803.495101	815.689299	826.931247	837.328294	846.972241	855.942052	864.306027	872.123538	879.446447	886.320253	892.785042	898.876266	904.625394	910.060460	915.206513	920.086010	924.719137	929.124096	933.317335	937.313760	941.126911	944.769112	948.251606	951.584674	954.777730	957.839415	960.777674	963.599821	966.312607	968.922267	971.434573	973.854871	976.188126	978.438951	980.611637	982.710185	984.738324	986.699541	988.597094	990.434033	992.213217	993.937327	995.608882	997.230249	998.803654	1000.331195	1001.814849	1003.256479	1004.657846	1006.020615	1007.346357	1008.636562	1009.892640	1011.115927	1012.307690	1013.469133	1014.601398	1015.705571	1016.782685	1017.833722	1018.859619	1019.861265	1020.839512	1021.795169	1022.729010	1023.641775	1024.534167	1025.406863	1026.260506	1027.095714	1027.913078	1028.713164
668.975789	694.878972	718.242130	739.362842	758.503700	775.896014	775.896014	790.389394	803.655110	815.842807	827.078761	837.470265	847.109070	856.074099	864.433614	872.246957	879.565962	886.436103	892.897445	898.985421	904.731485	910.163653	915.306962	920.183857	924.814515	929.217125	933.408128	937.402423	941.213540	944.853799	948.334437	951.665728	954.857082	957.917134	960.853826	963.674469	966.385808	968.994077	971.505043	973.924051	976.256063	978.505687	980.677215	982.774644	984.801702	986.761873	988.658414	990.494374	992.272609	993.995800	995.666464	997.286966	998.859533	1000.386259	1001.869122	1003.309983	1004.710604	1006.072646	1007.397681	1008.687198	1009.942606	1011.165241	1012.356369	1013.517193	1014.648854	1015.752439	1016.828978	1017.879455	1018.904804	1019.905917	1020.883642	1021.838789	1022.772133	1023.684411	1024.576327	1025.448558	1026.301746	1027.136509	1027.953437	1028.753096
669.207642	695.097007	718.447702	739.557147	758.687795	776.070831	776.070831	790.556480	803.815119	815.996315	827.226275	837.612236	847.245899	856.206145	864.561201	872.370376	879.685476	886.551953	893.009849	899.094577	904.837575	910.266846	915.407412	920.281705	924.909892	929.310153	933.498921	937.491085	941.300170	944.938487	948.417268	951.746782	954.936433	957.994853	960.929978	963.749117	966.459010	969.065887	971.575514	973.993232	976.323999	978.572423	980.742793	982.839102	984.865080	986.824205	988.719734	990.554715	992.332001	994.054273	995.724046	997.343684	998.915411	1000.441324	1001.923395	1003.363488	1004.763361	1006.124676	1007.449005	1008.737834	1009.992573	1011.214555	1012.405048	1013.565252	1014.696310	1015.799306	1016.875271	1017.925187	1018.949990	1019.950568	1020.927772	1021.882410	1022.815256	1023.727047	1024.618488	1025.490252	1026.342985	1027.177303	1027.993796	1028.793028
669.439495	695.315042	718.653274	739.751453	758.871890	776.245648	776.245648	790.723565	803.975128	816.149822	827.373789	837.754206	847.382728	856.338192	864.688788	872.493795	879.804991	886.667803	893.122252	899.203733	904.943666	910.370038	915.507861	920.379553	925.005270	929.403182	933.589714	937.579748	941.386799	945.023174	948.500099	951.827836	955.015784	958.072572	961.006131	963.823764	966.532211	969.137697	971.645985	974.062412	976.391935	978.639160	980.808371	982.903561	984.928457	986.886537	988.781055	990.615056	992.391394	994.112746	995.781628	997.400401	998.971290	1000.496388	1001.977668	1003.416992	1004.816118	1006.176707	1007.500329	1008.788470	1010.042539	1011.263869	1012.453726	1013.613312	1014.743766	1015.846173	1016.921564	1017.970920	1018.995175	1019.995220	1020.971902	1021.926030	1022.858378	1023.769682	1024.660648	1025.531947	1026.384225	1027.218098	1028.034154	1028.832960
669.671348	695.533077	718.858846	739.945758	759.055985	776.420465	776.420465	790.890651	804.135137	816.303330	827.521303	837.896177	847.519557	856.470238	864.816375	872.617215	879.924506	886.783653	893.234655	899.312889	905.049757	910.473231	915.608310	920.477400	925.100647	929.496211	933.680508	937.668410	941.473429	945.107862	948.582930	951.908889	955.095136	958.150291	961.082283	963.898412	966.605413	969.209508	971.716455	974.131592	976.459871	978.705896	980.873948	982.968020	984.991835	986.948869	988.842375	990.675396	992.450786	994.171219	995.839210	997.457119	999.027169	1000.551452	1002.031941	1003.470497	1004.868876	1006.228738	1007.551653	1008.839106	1010.092505	1011.313183	1012.502405	1013.661371	1014.791222	1015.893040	1016.967857	1018.016652	1019.040361	1020.039871	1021.016032	1021.969651	1022.901501	1023.812318	1024.702808	1025.573642	1026.425465	1027.258892	1028.074513	1028.872892
669.903201	695.751112	719.064418	740.140064	759.240080	776.595282	776.595282	791.057737	804.295146	816.456838	827.668816	838.038148	847.656385	856.602285	864.943963	872.740634	880.044021	886.899504	893.347059	899.422044	905.155847	910.576424	915.708759	920.575248	925.196024	929.589240	933.771301	937.757073	941.560058	945.192550	948.665761	951.989943	955.174487	958.228010	961.158436	963.973060	966.678614	969.281318	971.786926	974.200772	976.527808	978.772632	980.939526	983.032479	985.055212	987.011201	988.903695	990.735737	992.510178	994.229693	995.896792	997.513836	999.083047	1000.606516	1002.086214	1003.524001	1004.921633	1006.280769	1007.602977	1008.889743	1010.142472	1011.362498	1012.551084	1013.709431	1014.838678	1015.939907	1017.014150	1018.062385	1019.085546	1020.084523	1021.060162	1022.013271	1022.944623	1023.854954	1024.744968	1025.615337	1026.466705	1027.299686	1028.114872	1028.912824
670.135054	695.969147	719.269990	740.334369	759.424174	776.770099	776.770099	791.224822	804.455155	816.610345	827.816330	838.180118	847.793214	856.734331	865.071550	872.864053	880.163536	887.015354	893.459462	899.531200	905.261938	910.679617	915.809208	920.673095	925.291402	929.682269	933.862094	937.845735	941.646688	945.277237	948.748592	952.070997	955.253839	958.305730	961.234588	964.047708	966.751816	969.353128	971.857396	974.269953	976.595744	978.839368	981.005104	983.096938	985.118590	987.073533	988.965016	990.796078	992.569571	994.288166	995.954374	997.570554	999.138926	1000.661580	1002.140487	1003.577506	1004.974391	1006.332800	1007.654301	1008.940379	1010.192438	1011.411812	1012.599763	1013.757490	1014.886133	1015.986774	1017.060443	1018.108118	1019.130732	1020.129174	1021.104291	1022.056892	1022.987746	1023.897590	1024.787128	1025.657032	1026.507944	1027.340481	1028.155230	1028.952757
670.366907	696.187182	719.475562	740.528674	759.608269	776.944916	776.944916	791.391908	804.615164	816.763853	827.963844	838.322089	847.930043	856.866378	865.199137	872.987472	880.283051	887.131204	893.571865	899.640356	905.368028	910.782810	915.909657	920.770943	925.386779	929.775298	933.952887	937.934397	941.733317	945.361925	948.831422	952.152051	955.333190	958.383449	961.310741	964.122356	966.825017	969.424938	971.927867	974.339133	976.663680	978.906104	981.070682	983.161397	985.181968	987.135865	989.026336	990.856419	992.628963	994.346639	996.011955	997.627271	999.194804	1000.716644	1002.194761	1003.631010	1005.027148	1006.384830	1007.705625	1008.991015	1010.242405	1011.461126	1012.648442	1013.805550	1014.933589	1016.033642	1017.106735	1018.153850	1019.175917	1020.173826	1021.148421	1022.100512	1023.030868	1023.940226	1024.829288	1025.698727	1026.549184	1027.381275	1028.195589	1028.992689
