-3396.370763	-3086.641432	-2807.283660	-2554.739242	-2325.868320	-2117.905083	-2117.905083	-1944.604951	-1785.984241	-1640.253600	-1505.903140	-1381.649928	-1266.396885	-1159.200311	-1059.243985	-965.818338	-878.303593	-796.155990	-718.896480	-646.101380	-577.394594	-512.441117	-450.941575	-392.627604	-337.257943	-284.615092	-234.502460	-186.741910	-141.171643	-97.644367	-56.025710	-16.192827	21.966802	58.556441	93.671028	127.397996	159.818004	191.005576	221.029679	249.954226	277.838532	304.737724	330.703100	355.782456	380.020383	403.458527	426.135832	448.088754	469.351455	489.955983	509.932432	529.309090	548.112570	566.367933	584.098803	601.327462	618.074949	634.361145	650.204849	665.623854	680.635009	695.254286	709.496832	723.377025	736.908518	750.104290	762.976680	775.537434	787.797731	799.768225	811.459072	822.879958	834.040126	844.948405	855.613225	866.042648	876.244383	886.225805	895.993974	905.555653
-3288.559112	-2985.255100	-2711.692591	-2464.387193	-2240.264186	-2036.615136	-2036.615136	-1866.910106	-1711.579975	-1568.872508	-1437.309141	-1315.633555	-1202.771431	-1097.798645	-999.915906	-908.428370	-822.729114	-742.285658	-666.628893	-595.343923	-528.062456	-464.456436	-404.232698	-347.128448	-292.907427	-241.356650	-192.283602	-145.513841	-100.888927	-58.264622	-17.509342	21.497209	58.865219	94.695808	129.081944	162.109249	193.856705	224.397293	253.798547	282.123056	309.428904	335.770073	361.196799	385.755885	409.490997	432.442919	454.649784	476.147294	496.968901	517.145989	536.708028	555.682718	574.096120	591.972778	609.335821	626.207072	642.607134	658.555474	674.070501	689.169639	703.869389	718.185389	732.132475	745.724724	758.975507	771.897533	784.502887	796.803068	808.809026	820.531193	831.979514	843.163474	854.092125	864.774112	875.217691	885.430757	895.420857	905.195215	914.760744	924.124066
-3180.747462	-2883.868769	-2616.101522	-2374.035144	-2154.660053	-1955.325189	-1955.325189	-1789.215261	-1637.175708	-1497.491416	-1368.715142	-1249.617183	-1139.145977	-1036.396978	-940.587828	-851.038402	-767.154635	-688.415327	-614.361306	-544.586467	-478.730318	-416.471755	-357.523822	-301.629291	-248.556912	-198.098207	-150.064743	-104.285773	-60.606211	-18.884878	21.007026	59.187246	95.763636	130.835175	164.492861	196.820501	227.895406	257.789010	286.567416	314.291886	341.019275	366.802423	391.690498	415.729314	438.961612	461.427310	483.163736	504.205833	524.586347	544.335995	563.483624	582.056346	600.079671	617.577622	634.572839	651.086683	667.139319	682.749802	697.936153	712.715425	727.103769	741.116493	754.768118	768.072423	781.042496	793.690776	806.029093	818.068702	829.820321	841.294160	852.499955	863.446990	874.144124	884.599819	894.822157	904.818865	914.597331	924.164624	933.527513	942.692479
-3072.935812	-2782.482437	-2520.510452	-2283.683096	-2069.055920	-1874.035242	-1874.035242	-1711.520417	-1562.771441	-1426.110324	-1300.121144	-1183.600810	-1075.520522	-974.995311	-881.259750	-793.648434	-711.580156	-634.544995	-562.093719	-493.829010	-429.398180	-368.487073	-310.814945	-256.130135	-204.206396	-154.839765	-107.845885	-63.057705	-20.323496	20.494867	59.523394	96.877283	132.662053	166.974542	199.903778	231.531754	261.934107	291.180727	319.336284	346.460716	372.609647	397.834772	422.184197	445.702743	468.432226	490.411701	511.677688	532.264373	552.203793	571.526001	590.259220	608.429974	626.063222	643.182466	659.809858	675.966294	691.671504	706.944131	721.801805	736.261210	750.338148	764.047597	777.403761	790.420122	803.109485	815.484020	827.555299	839.334336	850.831615	862.057128	873.020397	883.730506	894.196123	904.425526	914.426623	924.206973	933.773804	943.134034	952.294283	961.260892
-2965.124161	-2681.096105	-2424.919383	-2193.331047	-1983.451786	-1792.745295	-1792.745295	-1633.825572	-1488.367175	-1354.729232	-1231.527145	-1117.584438	-1011.895068	-913.593644	-821.931672	-736.258466	-656.005676	-580.674664	-509.826132	-443.071554	-380.066042	-320.502392	-264.106068	-210.630979	-159.855880	-111.581322	-65.627026	-21.829636	19.959220	59.874611	98.039761	134.567319	169.560471	203.113909	235.314695	266.243006	295.972809	324.572443	352.105152	378.629546	404.200019	428.867121	452.677896	475.676172	497.902841	519.396093	540.191640	560.322913	579.821239	598.716008	617.034815	634.803602	652.046773	668.787311	685.046876	700.845905	716.203689	731.138460	745.667457	759.806996	773.572528	786.978701	800.039403	812.767821	825.176474	837.277263	849.081505	860.599970	871.842910	882.820096	893.540838	904.014021	914.248121	924.251233	934.031089	943.595081	952.950278	962.103443	971.061052	979.829305
-2857.312511	-2579.709774	-2329.328314	-2102.978998	-1897.847653	-1711.455348	-1711.455348	-1556.130727	-1413.962908	-1283.348140	-1162.933146	-1051.568065	-948.269614	-852.191977	-762.603594	-678.868498	-600.431197	-526.804332	-457.558545	-392.314097	-330.733904	-272.517710	-217.397192	-165.131822	-115.505365	-68.322880	-23.408167	19.398432	60.241936	99.254356	136.556129	172.257356	206.458888	239.253276	270.725612	300.954259	330.011510	357.964160	384.874021	410.798376	435.790390	459.899471	483.171594	505.649601	527.373455	548.380484	568.705592	588.381452	607.438685	625.906014	643.810411	661.177230	678.030324	694.392155	710.283895	725.725515	740.735874	755.332789	769.533109	783.352781	796.806908	809.909804	822.675046	835.115520	847.243463	859.070506	870.607712	881.865604	892.854205	903.583063	914.061280	924.297537	934.300120	944.076940	953.635555	962.983189	972.126752	981.072853	989.827822	998.397718
-2749.500861	-2478.323442	-2233.737244	-2012.626950	-1812.243519	-1630.165401	-1630.165401	-1478.435882	-1339.558642	-1211.967047	-1094.339147	-985.551693	-884.644160	-790.790310	-703.275516	-621.478530	-544.856718	-472.934001	-405.290958	-341.556641	-281.401767	-224.533029	-170.688315	-119.632666	-71.154849	-25.064437	18.810691	60.626501	100.524651	138.634101	175.072497	209.947393	243.357305	275.392643	306.136528	335.665512	364.050211	391.355877	417.642889	442.967206	467.380762	490.931820	513.665293	535.623030	556.844070	577.364876	597.219544	616.439992	635.056131	653.096020	670.586007	687.550858	704.013875	719.996999	735.520913	750.605126	765.268059	779.527117	793.398761	806.898567	820.041288	832.840908	845.310689	857.463219	869.310451	880.863750	892.133918	903.131238	913.865500	924.346031	934.581722	944.581053	954.352119	963.902647	973.240021	982.371297	991.303225	1000.042263	1008.594591	1016.966131
-2641.689210	-2376.937110	-2138.146175	-1922.274901	-1726.639386	-1548.875454	-1548.875454	-1400.741037	-1265.154375	-1140.585955	-1025.745148	-919.535320	-821.018706	-729.388643	-643.947437	-564.088562	-489.282239	-419.063669	-353.023371	-290.799184	-232.069629	-176.548348	-123.979438	-74.133510	-26.804334	18.194005	61.029550	101.854569	140.807367	178.013845	213.588865	247.637430	280.255722	311.532010	341.547445	370.376764	398.088913	424.747593	450.411757	475.136036	498.971133	521.964169	544.158992	565.596459	586.314684	606.349267	625.733496	644.498532	662.673577	680.286026	697.361603	713.924487	729.997426	745.601844	760.757931	775.484737	789.800244	803.721446	817.264413	830.444352	843.275668	855.772012	867.946332	879.810918	891.377440	902.656993	913.660124	924.396872	934.876795	945.108998	955.102163	964.864569	974.404118	983.728354	992.844487	1001.759405	1010.479699	1019.011672	1027.361360	1035.534544
-2533.877560	-2275.550779	-2042.555106	-1831.922852	-1641.035252	-1467.585507	-1467.585507	-1323.046192	-1190.750108	-1069.204863	-957.151149	-853.518948	-757.393252	-667.986976	-584.619359	-506.698594	-433.707759	-365.193338	-300.755784	-240.041728	-182.737491	-128.563666	-77.270562	-28.634353	17.546182	61.452448	103.248408	143.082638	181.090083	217.393590	252.105232	285.327466	317.154139	347.671377	376.958362	405.088017	432.127614	458.139310	483.180625	507.304866	530.561505	552.996518	574.652691	595.569888	615.785299	635.333658	654.247448	672.557072	690.291023	707.476033	724.137199	740.298115	755.980977	771.206688	785.994950	800.364348	814.332429	827.915775	841.130065	853.990138	866.510048	878.703116	890.581975	902.158617	913.444429	924.450236	935.186330	945.662506	955.888090	965.871966	975.622605	985.148085	994.456117	1003.554061	1012.448953	1021.147513	1029.656173	1037.981082	1046.128130	1054.102957
-2426.065910	-2174.164447	-1946.964036	-1741.570804	-1555.431119	-1386.295560	-1386.295560	-1245.351347	-1116.345842	-997.823771	-888.557150	-787.502575	-693.767797	-606.585309	-525.291281	-449.308626	-378.133280	-311.323006	-248.488197	-189.284271	-133.405353	-80.578985	-30.561685	16.864803	61.896698	104.710890	145.467267	184.310706	221.372798	256.773334	290.621600	323.017503	354.052557	383.810745	412.369279	439.799270	466.166315	491.531027	515.949494	539.473696	562.151877	584.028868	605.146390	625.543317	645.255913	664.318050	682.761400	700.615611	717.908470	734.666039	750.912795	766.671743	781.964528	796.811532	811.231968	825.243958	838.864614	852.110104	864.995717	877.535923	889.744428	901.634219	913.217618	924.506316	935.511418	946.243479	956.712536	966.928140	976.899384	986.634933	996.143046	1005.431601	1014.508115	1023.379769	1032.053419	1040.535622	1048.832646	1056.950491	1064.894899	1072.671369
-2318.254259	-2072.778115	-1851.372967	-1651.218755	-1469.826986	-1305.005613	-1305.005613	-1167.656502	-1041.941575	-926.442679	-819.963152	-721.486203	-630.142343	-545.183642	-465.963203	-391.918658	-322.558801	-257.452675	-196.220610	-138.526815	-84.073215	-32.594303	16.147191	62.363959	106.247213	147.969333	187.686125	225.538775	261.655514	296.153079	329.137968	360.707540	390.950974	419.950112	447.780196	474.510522	500.205016	524.922744	548.718362	571.642526	593.742248	615.061217	635.640089	655.516746	674.726528	693.302441	711.275352	728.674151	745.525916	761.856045	777.688391	793.045371	807.948079	822.416377	836.468987	850.123569	863.396799	876.304432	888.861368	901.081709	912.978807	924.565323	935.853261	946.854015	957.578407	968.036723	978.238743	988.193774	997.910679	1007.397901	1016.663488	1025.715117	1034.560114	1043.205476	1051.657885	1059.923730	1068.009120	1075.919901	1083.661669	1091.239782
-2210.442609	-1971.391784	-1755.781897	-1560.866706	-1384.222852	-1223.715666	-1223.715666	-1089.961658	-967.537309	-855.061587	-751.369153	-655.469830	-566.516889	-483.781976	-406.635125	-334.528690	-266.984322	-203.582343	-143.953023	-87.769358	-34.741077	15.390378	62.856068	107.863116	150.597729	191.227775	229.904984	266.766843	301.938230	335.532824	367.654336	398.397576	427.849391	456.089479	483.191112	509.221775	534.243718	558.314460	581.487230	603.811356	625.332620	646.093566	666.133788	685.490175	704.197142	722.286833	739.789303	756.732691	773.143362	789.046051	804.463986	819.418999	833.931630	848.021221	861.706005	875.003180	887.928984	900.498761	912.727020	924.627494	936.213187	947.496427	958.488903	969.201714	979.645396	989.829966	999.764949	1009.459408	1018.921974	1028.160868	1037.183929	1045.998633	1054.612113	1063.031183	1071.262351	1079.311838	1087.185594	1094.889311	1102.428438	1109.808195
-2102.630959	-1870.005452	-1660.190828	-1470.514658	-1298.618719	-1142.425719	-1142.425719	-1012.266813	-893.133042	-783.680495	-682.775154	-589.453458	-502.891435	-422.380309	-347.307047	-277.138722	-211.409842	-149.712012	-91.685436	-37.011902	14.591061	63.375059	109.564945	153.362272	194.948245	234.486218	272.123843	307.994912	342.220945	374.912568	406.170704	436.087613	464.747808	492.228846	518.602029	543.933027	568.282419	591.706177	614.256098	635.980187	656.922991	677.125916	696.627487	715.463604	733.667757	751.271224	768.303255	784.791230	800.760808	816.236058	831.239582	845.792627	859.915180	873.626065	886.943023	899.882791	912.461169	924.693090	936.592672	948.173280	959.447567	970.427531	981.124546	991.549413	1001.712385	1011.623209	1021.291155	1030.725042	1039.933269	1048.923836	1057.704371	1066.282148	1074.664112	1082.856890	1090.866817	1098.699946	1106.362067	1113.858720	1121.195208	1128.376608
-1994.819308	-1768.619120	-1564.599759	-1380.162609	-1213.014585	-1061.135772	-1061.135772	-934.571968	-818.728776	-712.299403	-614.181155	-523.437085	-439.265981	-360.978642	-287.978969	-219.748754	-155.835363	-95.841680	-39.417849	13.745555	63.923198	111.359741	156.273821	198.861429	239.298760	277.744660	314.342701	349.222980	382.503661	414.292313	444.687071	473.777650	501.646225	528.368213	554.012946	578.644280	602.321120	625.097894	647.024967	668.149017	688.513363	708.158265	727.121186	745.437033	763.138371	780.255616	796.817207	812.849770	828.378254	843.426064	858.015178	872.166255	885.898731	899.230910	912.180042	924.762402	936.993354	948.887419	960.458324	971.719065	982.681947	993.358634	1003.760189	1013.897112	1023.779374	1033.416453	1042.817361	1051.990676	1060.944564	1069.686803	1078.224812	1086.565664	1094.716110	1102.682597	1110.471283	1118.088054	1125.538541	1132.828130	1139.961977	1146.945021
-1887.007658	-1667.232789	-1469.008689	-1289.810560	-1127.410452	-979.845825	-979.845825	-856.877123	-744.324509	-640.918311	-545.587156	-457.420713	-375.640526	-299.576975	-228.650890	-162.358786	-100.260884	-41.971349	12.849738	64.503011	113.255336	159.344422	202.982698	244.360585	283.649276	321.003102	356.561560	390.451049	422.786377	453.672058	483.203439	511.467687	538.544643	564.507580	589.423863	613.355533	636.359821	658.489610	679.793835	700.317847	720.103735	739.190614	757.614885	775.410462	792.608986	809.240007	825.331159	840.908310	855.995700	870.616070	884.790774	898.539883	911.882282	924.835754	937.417060	949.642012	961.525539	973.081747	984.323976	995.264851	1005.916327	1016.289738	1026.395832	1036.244811	1045.846362	1055.209696	1064.343568	1073.256310	1081.955858	1090.449771	1098.745254	1106.849180	1114.768109	1122.508304	1130.075749	1137.476162	1144.715015	1151.797539	1158.728747	1165.513434
-1779.196008	-1565.846457	-1373.417620	-1199.458512	-1041.806319	-898.555878	-898.555878	-779.182278	-669.920242	-569.537219	-476.993157	-391.404340	-312.015072	-238.175308	-169.322812	-104.968818	-44.686405	11.898983	65.117325	115.260468	162.587474	207.329104	249.691575	289.859741	327.999792	364.261545	398.780418	431.679117	463.069092	493.051802	521.719807	549.157723	575.443060	600.646947	624.834780	648.066785	670.398523	691.881327	712.562703	732.486677	751.694106	770.222963	788.108584	805.383891	822.079600	838.224398	853.845111	868.966850	883.613146	897.806076	911.566370	924.913511	937.865833	950.440598	962.654079	974.521623	986.057724	997.276076	1008.189628	1018.810636	1029.150707	1039.220842	1049.031475	1058.592510	1067.913351	1077.002939	1085.869774	1094.521944	1102.967153	1111.212739	1119.265695	1127.132696	1134.820108	1142.334011	1149.680215	1156.864270	1163.891488	1170.766949	1177.495516	1184.081847
-1671.384357	-1464.460126	-1277.826551	-1109.106463	-956.202185	-817.265931	-817.265931	-701.487433	-595.515976	-498.156127	-408.399158	-325.387968	-248.389618	-176.773641	-109.994734	-47.578850	10.888075	65.769314	117.384913	166.017925	211.919612	255.313785	296.400451	335.358898	372.350307	407.519987	440.999277	472.907186	503.351808	532.431547	560.236175	586.847760	612.341477	636.786314	660.245697	682.778038	704.437224	725.273044	745.331572	764.655507	783.284478	801.255313	818.602283	835.357320	851.550215	867.208790	882.359063	897.025389	911.230592	924.996083	938.341966	951.287139	963.849384	976.045443	987.891097	999.401234	1010.589909	1021.470405	1032.055280	1042.356421	1052.385087	1062.151946	1071.667118	1080.940209	1089.980340	1098.796182	1107.395980	1115.787578	1123.978448	1131.975706	1139.786137	1147.416212	1154.872107	1162.159718	1169.284681	1176.252378	1183.067962	1189.736359	1196.262285	1202.650260
-1563.572707	-1363.073794	-1182.235481	-1018.754414	-870.598052	-735.975984	-735.975984	-623.792588	-521.111709	-426.775035	-339.805160	-259.371595	-184.764164	-115.371974	-50.666656	9.811118	66.462554	119.639646	169.652500	216.775381	261.251750	303.298467	343.109328	380.858054	416.700823	450.778430	483.218135	514.135254	543.634524	571.811291	598.752542	624.537797	649.239894	672.925681	695.656613	717.489291	738.475925	758.664761	778.100440	796.824337	814.874849	832.287662	849.095982	865.330749	881.020829	896.193181	910.873015	925.083929	938.848038	952.186089	965.117562	977.660768	989.832935	1001.650287	1013.128115	1024.280845	1035.122094	1045.664734	1055.920932	1065.902207	1075.619467	1085.083049	1094.302761	1103.287908	1112.047329	1120.589426	1128.922186	1137.053213	1144.989743	1152.738674	1160.306579	1167.699728	1174.924105	1181.985425	1188.889147	1195.640487	1202.244436	1208.705768	1215.029055	1221.218673
-1455.761057	-1261.687462	-1086.644412	-928.402366	-784.993918	-654.686037	-654.686037	-546.097743	-446.707443	-355.393942	-271.211161	-193.355223	-121.138710	-53.970307	8.661422	67.201086	122.037033	173.509978	221.920087	267.532838	310.583888	351.283148	389.818204	426.357210	461.051339	494.036872	525.436994	555.363322	583.917239	611.191036	637.268910	662.227833	686.138312	709.065048	731.067530	752.200543	772.514627	792.056477	810.869308	828.993167	846.465221	863.320011	879.589681	895.304178	910.491444	925.177573	939.386967	953.142469	966.465484	979.376095	991.893157	1004.034396	1015.816486	1027.255131	1038.365134	1049.160455	1059.654279	1069.859062	1079.786584	1089.447992	1098.853846	1108.014153	1116.938404	1125.635607	1134.114318	1142.382669	1150.448392	1158.318847	1166.001038	1173.501641	1180.827020	1187.983244	1194.976104	1201.811133	1208.493612	1215.028595	1221.420909	1227.675178	1233.795824	1239.787086
-1347.949406	-1160.301131	-991.053343	-838.050317	-699.389785	-573.396090	-573.396090	-468.402899	-372.303176	-284.012850	-202.617162	-127.338850	-57.513256	7.431360	67.989500	124.591054	177.611512	227.380309	274.187674	318.290294	359.916026	399.267829	436.527081	471.856367	505.401854	537.295315	567.655853	596.591391	624.199955	650.570781	675.785278	699.917870	723.036729	745.204415	766.478447	786.911796	806.553328	825.448194	843.638176	861.161997	878.055593	894.352361	910.083380	925.277607	939.962058	954.161964	967.900919	981.201008	994.082930	1006.566101	1018.668753	1030.408024	1041.800037	1052.859976	1063.602152	1074.040066	1084.186464	1094.053391	1103.652236	1112.993778	1122.088226	1130.945257	1139.574046	1147.983306	1156.181307	1164.175912	1171.974599	1179.584481	1187.012333	1194.264609	1201.347462	1208.266760	1215.028103	1221.636840	1228.098078	1234.416703	1240.597383	1246.644588	1252.562594	1258.355499
-1240.137756	-1058.914799	-895.462273	-747.698268	-613.785651	-492.106143	-492.106143	-390.708054	-297.898910	-212.631758	-134.023163	-61.322478	6.112199	68.833027	127.317578	181.981022	233.185992	281.250641	326.455261	369.047751	409.248163	447.252511	483.235958	517.355523	549.752370	580.553757	609.874711	637.819459	664.482671	689.950525	714.301646	737.607907	759.935146	781.343782	801.889364	821.623048	840.592029	858.839911	876.407045	893.330827	909.645964	925.384710	940.577078	955.251036	969.432673	983.146355	996.414871	1009.259548	1021.700377	1033.756108	1045.444349	1056.781652	1067.783588	1078.464820	1088.839170	1098.919677	1108.718649	1118.247720	1127.517888	1136.539563	1145.322606	1153.876360	1162.209689	1170.331005	1178.248296	1185.969156	1193.500805	1200.850115	1208.023627	1215.027576	1221.867903	1228.550275	1235.080102	1241.462547	1247.702544	1253.804811	1259.773857	1265.613997	1271.329363	1276.923912
-1132.326106	-957.528467	-799.871204	-657.346220	-528.181518	-410.816196	-410.816196	-313.013209	-223.494643	-141.250666	-65.429164	4.693895	69.737653	130.234693	186.645657	239.370990	288.760471	335.120972	378.722848	419.805207	458.580301	495.237192	529.944834	562.854680	594.102886	623.812200	652.093570	679.047528	704.765386	729.330270	752.818013	775.297944	796.833563	817.483149	837.300281	856.334301	874.630730	892.231627	909.175913	925.499657	941.236336	956.417059	971.070777	985.224465	998.903287	1012.130747	1024.928822	1037.318088	1049.317823	1060.946114	1072.219945	1083.155280	1093.767139	1104.069664	1114.076189	1123.799288	1133.250834	1142.442049	1151.383540	1160.085349	1168.556986	1176.807464	1184.845332	1192.678704	1200.315285	1207.762399	1215.027011	1222.115749	1229.034922	1235.790544	1242.388345	1248.833791	1255.132101	1261.288254	1267.307010	1273.192919	1278.950330	1284.583407	1290.096133	1295.492325
-1024.514455	-856.142136	-704.280135	-566.994171	-442.577385	-329.526249	-329.526249	-235.318364	-149.090376	-69.869574	3.164835	70.710267	133.363107	191.636360	245.973735	296.760958	344.334950	388.991304	430.990435	470.562664	507.912439	543.221874	576.653711	608.353836	638.453401	667.070642	694.312428	720.275596	745.048102	768.710015	791.334381	812.987980	833.731980	853.622516	872.711197	891.045554	908.669432	925.623344	941.944781	957.668487	972.826707	987.449408	1001.564476	1015.197894	1028.373902	1041.115138	1053.442774	1065.376627	1076.935269	1088.136120	1098.995541	1109.528908	1119.750689	1129.674509	1139.313207	1148.678898	1157.783019	1166.636377	1175.249192	1183.631134	1191.791366	1199.738568	1207.480975	1215.026403	1222.382273	1229.555642	1236.553217	1243.381383	1250.046217	1256.553511	1262.908786	1269.117307	1275.184099	1281.113961	1286.911476	1292.581027	1298.126804	1303.552816	1308.862902	1314.060737
-916.702805	-754.755804	-608.689065	-476.642122	-356.973251	-248.236302	-248.236302	-157.623519	-74.686110	1.511518	71.758834	136.726640	196.988561	253.038027	305.301813	354.150926	399.909429	442.861635	483.258022	521.320120	557.244577	591.206555	623.362588	653.852992	682.803917	710.329085	736.531287	761.503665	785.330818	808.089759	829.850749	850.678017	870.630398	889.761883	908.122114	925.756806	942.708133	959.015061	974.713650	989.837317	1004.417079	1018.481758	1032.058175	1045.171323	1057.844516	1070.099530	1081.956726	1093.435167	1104.552715	1115.326126	1125.771137	1135.902536	1145.734240	1155.279353	1164.550226	1173.558509	1182.315204	1190.830706	1199.114844	1207.176920	1215.025746	1222.669672	1230.116618	1237.374102	1244.449262	1251.348885	1258.079423	1264.647017	1271.057512	1277.316479	1283.429228	1289.400823	1295.236098	1300.939668	1306.515942	1311.969135	1317.303278	1322.522226	1327.629672	1332.629150
-808.891155	-653.369472	-513.097996	-386.290074	-271.369118	-166.946355	-166.946355	-79.928674	-0.281843	72.892610	140.352832	202.743012	260.614015	314.439694	364.629891	411.540894	455.483908	496.731967	535.525609	572.077577	606.576715	639.191236	670.071464	699.352149	727.154433	753.587527	778.750145	802.731733	825.613533	847.469504	868.367117	888.368054	907.528815	925.901251	943.533031	960.468059	976.746834	992.406777	1007.482518	1022.006148	1036.007451	1049.514107	1062.551874	1075.144752	1087.315130	1099.083921	1110.470678	1121.493707	1132.170161	1142.516133	1152.546732	1162.276164	1171.717791	1180.884198	1189.787244	1198.438120	1206.847389	1215.025035	1222.980496	1230.722705	1238.260126	1245.600775	1252.752261	1259.721801	1266.516251	1273.142129	1279.605630	1285.912651	1292.068807	1298.079447	1303.949669	1309.684339	1315.288097	1320.765375	1326.120408	1331.357243	1336.479751	1341.491636	1346.396441	1351.197563
-701.079504	-551.983141	-417.506926	-295.938025	-185.764984	-85.656408	-85.656408	-2.233829	74.122423	144.273702	208.946831	268.759385	324.239470	375.841361	423.957969	468.930862	511.058388	550.602298	587.793196	622.835033	655.908853	687.175918	716.780341	744.851305	771.504948	796.845970	820.969004	843.959802	865.896249	886.849248	906.883484	926.058090	944.427232	962.040618	978.943948	995.179312	1010.785535	1025.798494	1040.251386	1054.174978	1067.597822	1080.546456	1093.045573	1105.118181	1116.785745	1128.068313	1138.984630	1149.552247	1159.787607	1169.706139	1179.322328	1188.649792	1197.701342	1206.489042	1215.024262	1223.317731	1231.379575	1239.219363	1246.846147	1254.268491	1261.494506	1268.531879	1275.387904	1282.069500	1288.583240	1294.935372	1301.131836	1307.178285	1313.080102	1318.842414	1324.470111	1329.967855	1335.340096	1340.591082	1345.724874	1350.745352	1355.656225	1360.461045	1365.163211	1369.765976
-593.267854	-450.596809	-321.915857	-205.585976	-100.160851	-4.366461	-4.366461	75.461015	148.526690	215.654794	277.540830	334.775757	387.864924	437.243028	483.286047	526.320830	566.632867	604.472630	640.060783	673.592490	705.240991	735.160599	763.489217	790.350461	815.855464	840.104412	863.187863	885.187870	906.178965	926.228993	945.399852	963.748127	981.325649	998.179985	1014.354865	1029.890564	1044.824237	1059.190211	1073.020254	1086.343808	1099.188194	1111.578806	1123.539272	1135.091610	1146.256359	1157.052704	1167.498582	1177.610786	1187.405053	1196.896145	1206.097924	1215.023421	1223.684893	1232.093886	1240.261281	1248.197342	1255.911760	1263.413692	1270.711799	1277.814276	1284.728885	1291.462983	1298.023546	1304.417199	1310.650229	1316.728615	1322.658042	1328.443919	1334.091396	1339.605382	1344.990552	1350.251371	1355.392094	1360.416789	1365.329340	1370.133460	1374.832699	1379.430455	1383.929980	1388.334389
-485.456204	-349.210477	-226.324788	-115.233928	-14.556718	76.923486	76.923486	153.155860	222.930957	287.035886	346.134829	400.792130	451.490378	498.644695	542.614125	583.710798	622.207346	658.342961	692.328370	724.349946	754.573128	783.145281	810.198094	835.849618	860.205980	883.362855	905.406721	926.415939	946.461680	965.608738	983.916220	1001.438164	1018.224066	1034.319352	1049.765781	1064.601817	1078.862938	1092.581928	1105.789123	1118.512638	1130.778566	1142.611155	1154.032971	1165.065039	1175.726974	1186.037095	1196.012534	1205.669326	1215.022499	1224.086151	1232.873520	1241.397049	1249.668444	1257.698731	1265.498299	1273.076952	1280.443945	1287.608021	1294.577451	1301.360062	1307.963265	1314.394087	1320.659189	1326.764898	1332.717218	1338.521859	1344.184248	1349.709553	1355.102691	1360.368349	1365.510994	1370.534887	1375.444093	1380.242496	1384.933806	1389.521568	1394.009172	1398.399864	1402.696749	1406.902802
-377.644553	-247.824146	-130.733718	-24.881879	71.047416	158.213433	158.213433	230.850705	297.335223	358.416978	414.728828	466.808502	515.115832	560.046362	601.942204	641.100766	677.781825	712.213293	744.595957	775.107403	803.905266	831.129962	856.906971	881.348774	904.556495	926.621297	947.625580	967.644007	986.744396	1004.988482	1022.432588	1039.128200	1055.122484	1070.458719	1085.176698	1099.313069	1112.901639	1125.973644	1138.557991	1150.681468	1162.368937	1173.643504	1184.526670	1195.038468	1205.197588	1215.021487	1224.526486	1233.727866	1242.639945	1251.276158	1259.649116	1267.770677	1275.651995	1283.303575	1290.735318	1297.956563	1304.976130	1311.802350	1318.443103	1324.905847	1331.197645	1337.325190	1343.294832	1349.112597	1354.784207	1360.315102	1365.710455	1370.975187	1376.113986	1381.131317	1386.031436	1390.818402	1395.496092	1400.068204	1404.538272	1408.909676	1413.185646	1417.369274	1421.463519	1425.471215
-269.832903	-146.437814	-35.142649	65.470170	156.651549	239.503380	239.503380	308.545550	371.739490	429.798071	483.322827	532.824875	578.741286	621.448029	661.270282	698.490734	733.356305	766.083624	796.863544	825.864859	853.237404	879.114643	903.615847	926.847931	948.907011	969.879740	989.844438	1008.872076	1027.027112	1044.368227	1060.948955	1076.818237	1092.020901	1106.598086	1120.587615	1134.024322	1146.940340	1159.365361	1171.326859	1182.850298	1193.959309	1204.675853	1215.020369	1225.011897	1234.668203	1244.005878	1253.040438	1261.786405	1270.257391	1278.466164	1286.424712	1294.144305	1301.635546	1308.908419	1315.972336	1322.836174	1329.508315	1335.996678	1342.308755	1348.451633	1354.432025	1360.256294	1365.930475	1371.460296	1376.851196	1382.108345	1387.236661	1392.240821	1397.125281	1401.894284	1406.551877	1411.101918	1415.548091	1419.893911	1424.142738	1428.297784	1432.362120	1436.338684	1440.230288	1444.039628
-162.021253	-45.051482	60.448420	155.822218	242.255683	320.793327	320.793327	386.240395	446.143756	501.179163	551.916826	598.841247	642.366740	682.849695	720.598360	755.880702	788.930784	819.953956	849.131131	876.622316	902.569542	927.099325	950.324724	972.347087	993.257527	1013.138182	1032.063297	1050.100144	1067.309827	1083.747972	1099.465323	1114.508274	1128.919318	1142.737453	1155.998532	1168.735575	1180.979042	1192.757078	1204.095727	1215.019128	1225.549680	1235.708203	1245.514068	1254.985326	1264.138817	1272.990270	1281.554390	1289.844945	1297.874838	1305.656170	1313.200308	1320.517933	1327.619097	1334.513264	1341.209354	1347.715785	1354.040500	1360.191007	1366.174407	1371.997418	1377.666405	1383.187398	1388.566118	1393.807995	1398.918184	1403.901588	1408.762867	1413.506455	1418.136576	1422.657252	1427.072319	1431.385434	1435.600089	1439.719618	1443.747204	1447.685892	1451.538593	1455.308093	1458.997058	1462.608041
-54.209602	56.334849	156.039490	246.174267	327.859816	402.083274	402.083274	463.935240	520.548023	572.560255	620.510824	664.857620	705.992195	744.251362	779.926438	813.270671	844.505263	873.824287	901.398718	927.379772	951.901680	975.084006	997.033601	1017.846243	1037.608042	1056.396625	1074.282155	1091.328212	1107.592543	1123.127716	1137.981691	1152.198311	1165.817735	1178.876820	1191.409449	1203.446827	1215.017743	1226.148794	1236.864596	1247.187958	1257.140052	1266.740552	1276.007767	1284.958755	1293.609432	1301.974661	1310.068342	1317.903485	1325.492284	1332.846176	1339.975903	1346.891561	1353.602648	1360.118108	1366.446373	1372.595395	1378.572685	1384.385336	1390.040059	1395.543204	1400.900785	1406.118502	1411.201761	1416.155694	1420.985173	1425.694832	1430.289073	1434.772089	1439.147871	1443.420219	1447.592760	1451.668950	1455.652088	1459.545325	1463.351670	1467.074000	1470.715067	1474.277503	1477.763827	1481.176454
53.602048	157.721181	251.630559	336.526316	413.463950	483.373221	483.373221	541.630085	594.952289	643.941347	689.104823	730.873992	769.617649	805.653029	839.254516	870.660639	900.079742	927.694619	953.666306	978.137229	1001.233818	1023.068688	1043.742477	1063.345400	1081.958558	1099.655067	1116.501014	1132.556281	1147.875259	1162.507461	1176.498059	1189.888347	1202.716152	1215.016187	1226.820366	1238.158080	1249.056444	1259.540511	1269.633464	1279.356788	1288.730424	1297.772901	1306.501466	1314.932184	1323.080046	1330.959052	1338.582293	1345.962024	1353.109730	1360.036182	1366.751499	1373.265189	1379.586199	1385.722952	1391.683391	1397.475006	1403.104870	1408.579665	1413.905711	1419.088989	1424.135165	1429.049605	1433.837404	1438.503393	1443.052162	1447.488075	1451.815279	1456.037723	1460.159165	1464.183187	1468.113202	1471.952466	1475.704087	1479.371032	1482.956136	1486.462109	1489.891541	1493.246912	1496.530597	1499.744867
161.413698	259.107512	347.221628	426.878364	499.068083	564.663168	564.663168	619.324930	669.356556	715.322439	757.698822	796.890365	833.243103	867.054696	898.582594	928.050607	955.654222	981.564950	1005.933893	1028.894685	1050.565956	1071.053369	1090.451354	1108.844556	1126.309074	1142.913510	1158.719873	1173.784349	1188.157974	1201.887205	1215.014426	1227.578384	1239.614570	1251.155554	1262.231282	1272.869333	1283.095146	1292.932228	1302.402332	1311.525618	1320.320795	1328.805251	1336.995165	1344.905613	1352.550661	1359.943444	1367.096245	1374.020564	1380.727176	1387.226189	1393.527095	1399.638817	1405.569749	1411.327797	1416.920410	1422.354617	1427.637055	1432.773993	1437.771363	1442.634775	1447.369544	1451.980709	1456.473046	1460.851092	1465.119151	1469.281318	1473.341486	1477.303357	1481.170460	1484.946155	1488.633643	1492.235982	1495.756086	1499.196739	1502.560602	1505.850217	1509.068015	1512.216322	1515.297366	1518.313280
269.225349	360.493844	442.812698	517.230413	584.672216	645.953115	645.953115	697.019774	743.760823	786.703531	826.292821	862.906737	896.868557	928.456363	957.910673	985.440575	1011.228701	1035.435282	1058.201480	1079.652142	1099.898093	1119.038050	1137.160230	1154.343712	1170.659589	1186.171952	1200.938731	1215.012418	1228.440690	1241.266950	1253.530794	1265.268421	1276.512987	1287.294921	1297.642199	1307.580585	1317.133847	1326.323945	1335.171201	1343.694448	1351.911167	1359.837600	1367.488863	1374.879042	1382.021275	1388.927835	1395.610197	1402.079104	1408.344622	1414.416195	1420.302691	1426.012445	1431.553300	1436.932641	1442.157428	1447.234228	1452.169240	1456.968322	1461.637015	1466.180560	1470.603924	1474.911813	1479.108689	1483.198791	1487.186140	1491.074561	1494.867692	1498.568991	1502.181755	1505.709122	1509.154085	1512.519498	1515.808084	1519.022446	1522.165068	1525.238325	1528.244488	1531.185732	1534.064136	1536.881692
377.036999	461.880176	538.403767	607.582462	670.276350	727.243062	727.243062	774.714619	818.165089	858.084623	894.886820	928.923110	960.494011	989.858030	1017.238751	1042.830543	1066.803180	1089.305613	1110.469067	1130.409599	1149.230231	1167.022732	1183.869107	1199.842869	1215.010105	1229.430395	1243.157590	1256.240486	1268.723406	1280.646695	1292.047162	1302.958457	1313.411404	1323.434288	1333.053116	1342.291838	1351.172548	1359.715661	1367.940069	1375.863278	1383.501538	1390.869949	1397.982562	1404.852471	1411.491890	1417.912227	1424.124149	1430.137644	1435.962068	1441.606201	1447.078287	1452.386073	1457.536851	1462.537485	1467.394446	1472.113838	1476.701425	1481.162651	1485.502667	1489.726346	1493.838304	1497.842917	1501.744332	1505.546489	1509.253129	1512.867805	1516.393898	1519.834625	1523.193050	1526.472090	1529.674526	1532.803014	1535.860083	1538.848153	1541.769534	1544.626433	1547.420962	1550.155141	1552.830905	1555.450105
484.848649	563.266507	633.994837	697.934510	755.880483	808.533009	808.533009	852.409464	892.569356	929.465715	963.480819	994.939482	1024.119466	1051.259697	1076.566829	1100.220511	1122.377659	1143.175945	1162.736654	1181.167055	1198.562369	1215.007413	1230.577984	1245.342025	1259.360621	1272.688837	1285.376448	1297.468555	1309.006121	1320.026439	1330.563530	1340.648494	1350.309821	1359.573655	1368.464033	1377.003090	1385.211249	1393.107378	1400.708937	1408.032109	1415.091910	1421.902298	1428.476261	1434.825900	1440.962504	1446.896618	1452.638101	1458.196183	1463.579514	1468.796207	1473.853883	1478.759702	1483.520402	1488.142330	1492.631465	1496.993449	1501.233610	1505.356980	1509.368319	1513.272131	1517.072684	1520.774020	1524.379975	1527.894188	1531.320118	1534.661048	1537.920104	1541.100260	1544.204345	1547.235057	1550.194968	1553.086529	1555.912082	1558.673860	1561.374000	1564.014541	1566.597436	1569.124551	1571.597674	1574.018518
592.660300	664.652839	729.585906	788.286559	841.484617	889.822956	889.822956	930.104309	966.973622	1000.846807	1032.074818	1060.955855	1087.744920	1112.661364	1135.894907	1157.610479	1177.952139	1197.046277	1215.004241	1231.924512	1247.894507	1262.992095	1277.286860	1290.841182	1303.711136	1315.947280	1327.595307	1338.696623	1349.288837	1359.406184	1369.079897	1378.338531	1387.208238	1395.713022	1403.874950	1411.714343	1419.249951	1426.499095	1433.477805	1440.200939	1446.682282	1452.934648	1458.969960	1464.799329	1470.433119	1475.881009	1481.152053	1486.254723	1491.196960	1495.986214	1500.629479	1505.133330	1509.503953	1513.747174	1517.868483	1521.873060	1525.765795	1529.551308	1533.233971	1536.817917	1540.307064	1543.705124	1547.015618	1550.241887	1553.387107	1556.454291	1559.446310	1562.365894	1565.215640	1567.998025	1570.715409	1573.370045	1575.964081	1578.499568	1580.978466	1583.402649	1585.773909	1588.093960	1590.364444	1592.586931
700.471950	766.039171	825.176975	878.638608	927.088750	971.112903	971.112903	1007.799154	1041.377889	1072.227899	1100.668816	1126.972227	1151.370374	1174.063031	1195.222985	1215.000447	1233.526618	1250.916608	1267.271828	1282.681968	1297.226645	1310.976776	1323.995737	1336.340338	1348.061652	1359.205722	1369.814165	1379.924692	1389.571553	1398.785928	1407.596265	1416.028568	1424.106656	1431.852389	1439.285866	1446.425596	1453.288652	1459.890811	1466.246674	1472.369769	1478.272653	1483.966997	1489.463659	1494.772758	1499.903733	1504.865401	1509.666005	1514.313263	1518.814406	1523.176220	1527.405074	1531.506958	1535.487504	1539.352018	1543.105502	1546.752671	1550.297980	1553.745637	1557.099623	1560.363702	1563.541444	1566.636228	1569.651261	1572.589586	1575.454095	1578.247535	1580.972517	1583.631528	1586.226934	1588.760992	1591.235851	1593.653561	1596.016080	1598.325275	1600.582932	1602.790757	1604.950383	1607.063370	1609.131213	1611.155344
808.283600	867.425502	920.768045	968.990656	1012.692884	1052.402850	1052.402850	1085.493999	1115.782155	1143.608991	1169.262815	1192.988600	1214.995828	1235.464698	1254.551063	1272.390415	1289.101097	1304.786940	1319.539415	1333.439425	1346.558783	1358.961457	1370.704614	1381.839494	1392.412168	1402.464165	1412.033024	1421.152760	1429.854268	1438.165673	1446.112633	1453.718604	1461.005073	1467.991757	1474.696783	1481.136848	1487.327353	1493.282528	1499.015542	1504.538599	1509.863025	1514.999346	1519.957358	1524.746187	1529.374348	1533.849792	1538.179957	1542.371802	1546.431852	1550.366226	1554.180670	1557.880586	1561.471055	1564.956863	1568.342520	1571.632282	1574.830165	1577.939966	1580.965274	1583.909488	1586.775824	1589.567331	1592.286904	1594.937285	1597.521084	1600.040778	1602.498723	1604.897162	1607.238229	1609.523960	1611.756293	1613.937077	1616.068078	1618.150982	1620.187398	1622.178865	1624.126857	1626.032780	1627.897983	1629.723757
916.095251	968.811834	1016.359114	1059.342705	1098.297017	1133.692797	1133.692797	1163.188844	1190.186422	1214.990083	1237.856814	1259.004972	1278.621282	1296.866364	1313.879141	1329.780383	1344.675576	1358.657271	1371.807002	1384.196881	1395.890921	1406.946139	1417.413490	1427.338651	1436.762683	1445.722607	1454.251883	1462.380829	1470.136984	1477.545418	1484.629001	1491.408641	1497.903490	1504.131124	1510.107700	1515.848101	1521.366054	1526.674245	1531.784410	1536.707429	1541.453396	1546.031696	1550.451057	1554.719616	1558.844962	1562.834184	1566.693909	1570.430342	1574.049298	1577.556232	1580.956266	1584.254214	1587.454606	1590.561707	1593.579538	1596.511892	1599.362350	1602.134295	1604.830926	1607.455273	1610.010204	1612.498435	1614.922547	1617.284984	1619.588073	1621.834021	1624.024929	1626.162796	1628.249524	1630.286927	1632.276734	1634.220593	1636.120077	1637.976689	1639.791864	1641.566974	1643.303330	1645.002189	1646.664752	1648.292170
1023.906901	1070.198166	1111.950183	1149.694754	1183.901150	1214.982744	1214.982744	1240.883689	1264.590689	1286.371176	1306.450813	1325.021345	1342.246736	1358.268031	1373.207220	1387.170351	1400.250056	1412.527603	1424.074589	1434.954338	1445.223059	1454.930820	1464.122367	1472.837807	1481.113199	1488.981050	1496.470741	1503.608897	1510.419700	1516.925162	1523.145368	1529.098678	1534.801907	1540.270491	1545.518617	1550.559354	1555.404756	1560.065962	1564.553279	1568.876259	1573.043768	1577.064045	1580.944756	1584.693045	1588.315577	1591.818575	1595.207861	1598.488882	1601.666745	1604.746239	1607.731862	1610.627842	1613.438157	1616.166551	1618.816557	1621.391503	1623.894535	1626.328623	1628.696578	1631.001059	1633.244583	1635.429539	1637.558189	1639.632683	1641.655062	1643.627264	1645.551135	1647.428430	1649.260819	1651.049895	1652.797176	1654.504109	1656.172076	1657.802396	1659.396330	1660.955082	1662.479804	1663.971599	1665.431522	1666.860583
1131.718551	1171.584497	1207.541253	1240.046802	1269.505284	1296.272691	1296.272691	1318.578533	1338.994955	1357.752268	1375.044812	1391.037717	1405.872191	1419.669698	1432.535298	1444.560319	1455.824535	1466.397934	1476.342176	1485.711794	1494.555196	1502.915502	1510.831244	1518.336963	1525.463715	1532.239492	1538.689600	1544.836966	1550.702415	1556.304907	1561.661736	1566.788714	1571.700325	1576.409858	1580.929534	1585.270606	1589.443457	1593.457678	1597.322147	1601.045089	1604.634140	1608.096394	1611.438455	1614.666474	1617.786191	1620.802967	1623.721813	1626.547422	1629.284191	1631.936245	1634.507458	1637.001470	1639.421708	1641.771396	1644.053575	1646.271114	1648.426720	1650.522952	1652.562230	1654.546844	1656.478963	1658.360643	1660.193832	1661.980382	1663.722051	1665.420508	1667.077342	1668.694064	1670.272114	1671.812863	1673.317617	1674.787625	1676.224075	1677.628103	1679.000796	1680.343190	1681.656278	1682.941008	1684.198291	1685.428996
1239.530202	1272.970829	1303.132322	1330.398851	1355.109417	1377.562638	1377.562638	1396.273378	1413.399222	1429.133360	1443.638811	1457.054090	1469.497645	1481.071365	1491.863376	1501.950287	1511.399014	1520.268266	1528.609763	1536.469251	1543.887334	1550.900183	1557.540120	1563.836120	1569.814230	1575.497935	1580.908458	1586.065034	1590.985131	1595.684652	1600.178104	1604.478751	1608.598742	1612.549225	1616.340450	1619.981859	1623.482158	1626.849395	1630.091015	1633.213919	1636.224511	1639.128743	1641.932154	1644.639903	1647.256806	1649.787358	1652.235764	1654.605961	1656.901637	1659.126251	1661.283054	1663.375098	1665.405259	1667.376240	1669.290593	1671.150725	1672.958905	1674.717281	1676.427882	1678.092630	1679.713343	1681.291746	1682.829475	1684.328081	1685.789040	1687.213751	1688.603548	1689.959698	1691.283409	1692.575830	1693.838059	1695.071141	1696.276073	1697.453810	1698.605262	1699.731298	1700.832751	1701.910418	1702.965061	1703.997409
1347.341852	1374.357161	1398.723391	1420.750900	1440.713551	1458.852585	1458.852585	1473.968223	1487.803488	1500.514452	1512.232810	1523.070462	1533.123099	1542.473032	1551.191454	1559.340255	1566.973493	1574.138597	1580.877350	1587.226707	1593.219472	1598.884864	1604.248997	1609.335276	1614.164746	1618.756377	1623.127317	1627.293102	1631.267847	1635.064396	1638.694472	1642.168788	1645.497159	1648.688592	1651.751367	1654.693111	1657.520860	1660.241112	1662.859883	1665.382749	1667.814883	1670.161093	1672.425853	1674.613332	1676.727420	1678.771749	1680.749716	1682.664501	1684.519083	1686.316257	1688.058650	1689.748726	1691.388809	1692.981084	1694.527612	1696.030335	1697.491090	1698.911610	1700.293534	1701.638415	1702.947723	1704.222850	1705.465118	1706.675780	1707.856029	1709.006994	1710.129754	1711.225332	1712.294703	1713.338798	1714.358500	1715.354656	1716.328072	1717.279517	1718.209728	1719.119406	1720.009225	1720.879828	1721.731830	1722.565822
1455.153502	1475.743492	1494.314461	1511.102948	1526.317684	1540.142532	1540.142532	1551.663068	1562.207755	1571.895544	1580.826808	1589.086835	1596.748553	1603.874699	1610.519532	1616.730223	1622.547973	1628.008929	1633.144937	1637.984164	1642.551610	1646.869546	1650.957873	1654.834433	1658.515262	1662.014820	1665.346175	1668.521171	1671.550562	1674.444141	1677.210839	1679.858825	1682.395576	1684.827959	1687.162284	1689.404364	1691.559561	1693.632828	1695.628752	1697.551579	1699.405255	1701.193442	1702.919552	1704.586761	1706.198035	1707.756141	1709.263668	1710.723041	1712.136529	1713.506264	1714.834245	1716.122355	1717.372360	1718.585929	1719.764630	1720.909946	1722.023275	1723.105938	1724.159186	1725.184201	1726.182103	1727.153954	1728.100761	1729.023479	1729.923017	1730.800238	1731.655960	1732.490966	1733.305998	1734.101765	1734.878942	1735.638172	1736.380071	1737.105224	1737.814194	1738.507514	1739.185699	1739.849237	1740.498599	1741.134235
1562.965153	1577.129824	1589.905530	1601.454997	1611.921817	1621.432479	1621.432479	1629.357913	1636.612022	1643.276636	1649.420807	1655.103207	1660.374007	1665.276366	1669.847610	1674.120191	1678.122452	1681.879260	1685.412524	1688.741620	1691.883748	1694.854227	1697.666750	1700.333589	1702.865777	1705.273262	1707.565034	1709.749239	1711.833278	1713.823885	1715.727207	1717.548861	1719.293993	1720.967326	1722.573201	1724.115617	1725.598262	1727.024545	1728.397620	1729.720409	1730.995626	1732.225791	1733.413251	1734.560190	1735.668649	1736.740532	1737.777620	1738.781580	1739.753975	1740.696270	1741.609841	1742.495983	1743.355911	1744.190773	1745.001649	1745.789557	1746.555460	1747.300267	1748.024838	1748.729986	1749.416483	1750.085058	1750.736404	1751.371178	1751.990006	1752.593481	1753.182166	1753.756600	1754.317293	1754.864733	1755.399383	1755.921688	1756.432070	1756.930932	1757.418660	1757.895622	1758.362172	1758.818647	1759.265369	1759.702648
1670.776803	1678.516156	1685.496599	1691.807046	1697.525951	1702.722426	1702.722426	1707.052758	1711.016288	1714.657728	1718.014806	1721.119580	1723.999462	1726.678033	1729.175688	1731.510159	1733.696931	1735.749592	1737.680111	1739.499077	1741.215886	1742.838909	1744.375627	1745.832745	1747.216293	1748.531705	1749.783893	1750.977308	1752.115994	1753.203630	1754.243575	1755.238898	1756.192411	1757.106693	1757.984118	1758.826869	1759.636963	1760.416262	1761.166488	1761.889239	1762.585998	1763.258140	1763.906950	1764.533619	1765.139264	1765.724924	1766.291572	1766.840120	1767.371421	1767.886276	1768.385437	1768.869611	1769.339462	1769.795617	1770.238667	1770.669168	1771.087645	1771.494596	1771.890490	1772.275772	1772.650863	1773.016161	1773.372047	1773.718877	1774.056995	1774.386724	1774.708373	1775.022234	1775.328588	1775.627700	1775.919825	1776.205204	1776.484068	1776.756639	1777.023126	1777.283730	1777.538646	1777.788056	1778.032138	1778.271060
1778.588454	1779.902487	1781.087669	1782.159094	1783.130084	1784.012373	1784.012373	1784.747603	1785.420555	1786.038820	1786.608805	1787.135952	1787.624916	1788.079700	1788.503767	1788.900127	1789.271410	1789.619923	1789.947699	1790.256533	1790.548024	1790.823590	1791.084503	1791.331902	1791.566809	1791.790147	1792.002751	1792.205376	1792.398709	1792.583375	1792.759943	1792.928935	1793.090828	1793.246060	1793.395035	1793.538122	1793.675665	1793.807979	1793.935357	1794.058070	1794.176369	1794.290490	1794.400648	1794.507048	1794.609878	1794.709315	1794.805524	1794.898660	1794.988867	1795.076282	1795.161033	1795.243239	1795.323013	1795.400462	1795.475685	1795.548778	1795.619830	1795.688925	1795.756142	1795.821557	1795.885242	1795.947265	1796.007689	1796.066576	1796.123984	1796.179967	1796.234579	1796.287868	1796.339883	1796.390668	1796.440267	1796.488720	1796.536067	1796.582346	1796.627592	1796.671839	1796.715120	1796.757466	1796.798908	1796.839473
1886.400104	1881.288819	1876.678738	1872.511143	1868.734218	1865.302320	1865.302320	1862.442448	1859.824821	1857.419912	1855.202804	1853.152325	1851.250370	1849.481367	1847.831845	1846.290095	1844.845890	1843.490255	1842.215286	1841.013990	1839.880161	1838.808272	1837.793380	1836.831058	1835.917324	1835.048590	1834.221610	1833.433445	1832.681425	1831.963119	1831.276311	1830.618971	1829.989245	1829.385427	1828.805951	1828.249375	1827.714366	1827.199695	1826.704225	1826.226900	1825.766741	1825.322839	1824.894347	1824.480477	1824.080493	1823.693706	1823.319476	1822.957199	1822.606313	1822.266289	1821.936629	1821.616867	1821.306564	1821.005306	1820.712704	1820.428389	1820.152015	1819.883253	1819.621794	1819.367343	1819.119622	1818.878369	1818.643332	1818.414275	1818.190973	1817.973211	1817.760785	1817.553502	1817.351178	1817.153635	1816.960708	1816.772236	1816.588066	1816.408053	1816.232057	1816.059947	1815.891593	1815.726876	1815.565677	1815.407886
1994.211754	1982.675150	1972.269808	1962.863192	1954.338351	1946.592267	1946.592267	1940.137292	1934.229088	1928.801004	1923.796803	1919.168697	1914.875824	1910.883033	1907.159923	1903.680063	1900.420369	1897.360586	1894.482873	1891.771446	1889.212299	1886.792953	1884.502257	1882.330214	1880.267840	1878.307032	1876.440468	1874.661513	1872.964141	1871.342864	1869.792678	1868.309008	1866.887662	1865.524794	1864.216868	1862.960627	1861.753067	1860.591412	1859.473093	1858.395730	1857.357113	1856.355188	1855.388046	1854.453906	1853.551107	1852.678098	1851.833428	1851.015739	1850.223759	1849.456295	1848.712225	1847.990495	1847.290115	1846.610151	1845.949722	1845.308000	1844.684200	1844.077582	1843.487446	1842.913128	1842.354002	1841.809473	1841.278975	1840.761974	1840.257962	1839.766454	1839.286991	1838.819136	1838.362472	1837.916603	1837.481150	1837.055752	1836.640065	1836.233760	1835.836523	1835.448055	1835.068067	1834.696285	1834.332447	1833.976299
2102.023405	2084.061482	2067.860877	2053.215240	2039.942485	2027.882214	2027.882214	2017.832137	2008.633354	2000.182096	1992.390802	1985.185070	1978.501278	1972.284700	1966.488001	1961.070031	1955.994848	1951.230918	1946.750460	1942.528903	1938.544437	1934.777634	1931.211133	1927.829371	1924.618356	1921.565475	1918.659327	1915.889582	1913.246856	1910.722609	1908.309046	1905.999045	1903.786079	1901.664161	1899.627785	1897.671880	1895.791768	1893.983129	1892.241961	1890.564560	1888.947484	1887.387538	1885.881745	1884.427335	1883.021722	1881.662489	1880.347380	1879.074279	1877.841206	1876.646301	1875.487821	1874.364123	1873.273666	1872.214995	1871.186741	1870.187611	1869.216385	1868.271911	1867.353098	1866.458914	1865.588382	1864.740576	1863.914618	1863.109673	1862.324951	1861.559697	1860.813198	1860.084770	1859.373767	1858.679571	1858.001591	1857.339268	1856.692063	1856.059467	1855.440989	1854.836163	1854.244541	1853.665695	1853.099216	1852.544712
2209.835055	2185.447814	2163.451946	2143.567289	2125.546618	2109.172161	2109.172161	2095.526982	2083.037621	2071.563189	2060.984800	2051.201442	2042.126732	2033.686367	2025.816079	2018.459999	2011.569327	2005.101249	1999.018047	1993.286360	1987.876575	1982.762316	1977.920010	1973.328527	1968.968871	1964.823917	1960.878185	1957.117650	1953.529572	1950.102353	1946.825414	1943.689081	1940.684497	1937.803528	1935.038702	1932.383132	1929.830470	1927.374845	1925.010830	1922.733390	1920.537856	1918.419887	1916.375444	1914.400764	1912.492336	1910.646881	1908.861332	1907.132819	1905.458652	1903.836307	1902.263416	1900.737751	1899.257217	1897.819839	1896.423759	1895.067221	1893.748570	1892.466240	1891.218750	1890.004699	1888.822762	1887.671680	1886.550261	1885.457372	1884.391940	1883.352941	1882.339404	1881.350404	1880.385062	1879.442538	1878.522033	1877.622783	1876.744062	1875.885174	1875.045455	1874.224271	1873.421014	1872.635104	1871.865986	1871.113125
2317.646705	2286.834145	2259.043016	2233.919338	2211.150751	2190.462108	2190.462108	2173.221827	2157.441888	2142.944281	2129.578799	2117.217815	2105.752187	2095.088034	2085.144157	2075.849967	2067.143806	2058.971581	2051.285634	2044.043816	2037.208713	2030.746997	2024.628886	2018.827683	2013.319387	2008.082360	2003.097044	1998.345719	1993.812288	1989.482098	1985.341782	1981.379118	1977.582914	1973.942895	1970.449619	1967.094385	1963.869171	1960.766562	1957.779698	1954.902220	1952.128227	1949.452236	1946.869143	1944.374193	1941.962951	1939.631272	1937.375284	1935.191358	1933.076098	1931.026314	1929.039012	1927.111379	1925.240768	1923.424684	1921.660777	1919.946832	1918.280755	1916.660568	1915.084401	1913.550485	1912.057142	1910.602784	1909.185904	1907.805071	1906.458928	1905.146184	1903.865610	1902.616038	1901.396357	1900.205506	1899.042474	1897.906299	1896.796061	1895.710881	1894.649921	1893.612379	1892.597488	1891.604514	1890.632755	1889.681538
2425.458356	2388.220477	2354.634085	2324.271386	2296.754885	2271.752055	2271.752055	2250.916672	2231.846154	2214.325373	2198.172798	2183.234187	2169.377641	2156.489701	2144.472235	2133.239935	2122.718286	2112.841913	2103.553221	2094.801273	2086.540851	2078.731679	2071.337763	2064.326840	2057.669903	2051.340802	2045.315903	2039.573787	2034.095003	2028.861842	2023.858149	2019.069155	2014.481331	2010.082263	2005.860535	2001.805638	1997.907872	1994.158279	1990.548566	1987.071050	1983.718599	1980.484585	1977.362842	1974.347622	1971.433565	1968.615663	1965.889235	1963.249898	1960.693544	1958.216320	1955.814608	1953.485007	1951.224318	1949.029528	1946.897796	1944.826443	1942.812940	1940.854897	1938.950053	1937.096270	1935.291522	1933.533888	1931.821547	1930.152770	1928.525917	1926.939427	1925.391816	1923.881672	1922.407652	1920.968473	1919.562916	1918.189815	1916.848060	1915.536588	1914.254387	1913.000487	1911.773962	1910.573924	1909.399524	1908.249951
2533.270006	2489.606809	2450.225154	2414.623435	2382.359018	2353.042002	2353.042002	2328.611517	2306.250421	2285.706465	2266.766797	2249.250560	2233.003095	2217.891368	2203.800314	2190.629903	2178.292765	2166.712244	2155.820808	2145.558729	2135.872989	2126.716360	2118.046640	2109.825996	2102.020418	2094.599245	2087.534761	2080.801856	2074.377719	2068.241587	2062.374517	2056.759192	2051.379748	2046.221630	2041.271452	2036.516890	2031.946573	2027.549996	2023.317434	2019.239880	2015.308971	2011.516935	2007.856541	2004.321051	2000.904180	1997.600055	1994.403187	1991.308438	1988.310990	1985.406326	1982.590204	1979.858636	1977.207869	1974.634372	1972.134814	1969.706054	1967.345125	1965.049226	1962.815705	1960.642056	1958.525902	1956.464991	1954.457189	1952.500469	1950.592906	1948.732670	1946.918022	1945.147307	1943.418947	1941.731441	1940.083357	1938.473331	1936.900059	1935.362296	1933.858853	1932.388595	1930.950435	1929.543333	1928.166294	1926.818364
2641.081656	2590.993140	2545.816224	2504.975484	2467.963152	2434.331949	2434.331949	2406.306362	2380.654687	2357.087557	2335.360796	2315.266932	2296.628549	2279.293035	2263.128392	2248.019871	2233.867244	2220.582576	2208.088395	2196.316186	2185.205126	2174.701041	2164.755516	2155.325153	2146.370934	2137.857687	2129.753620	2122.029924	2114.660435	2107.621332	2100.890885	2094.449228	2088.278165	2082.360997	2076.682369	2071.228143	2065.985275	2060.941712	2056.086303	2051.408710	2046.899342	2042.549284	2038.350240	2034.294480	2030.374794	2026.584446	2022.917139	2019.366977	2015.928436	2012.596332	2009.365800	2006.232264	2003.191420	2000.239217	1997.371833	1994.585665	1991.877310	1989.243555	1986.681357	1984.187841	1981.760281	1979.396095	1977.092832	1974.848168	1972.659895	1970.525914	1968.444229	1966.412941	1964.430241	1962.494408	1960.603799	1958.756847	1956.952057	1955.188003	1953.463319	1951.776704	1950.126909	1948.512743	1946.933063	1945.386777
2748.893307	2692.379472	2641.407293	2595.327532	2553.567285	2515.621896	2515.621896	2484.001207	2455.058954	2428.468649	2403.954795	2381.283305	2360.254003	2340.694702	2322.456470	2305.409839	2289.441723	2274.452907	2260.355982	2247.073642	2234.537264	2222.685723	2211.464393	2200.824309	2190.721450	2181.116130	2171.972478	2163.257993	2154.943150	2147.001076	2139.407253	2132.139265	2125.176583	2118.500364	2112.093286	2105.939396	2100.023976	2094.333429	2088.855171	2083.577540	2078.489714	2073.581633	2068.843939	2064.267909	2059.845409	2055.568838	2051.431091	2047.425517	2043.545882	2039.786339	2036.141396	2032.605892	2029.174971	2025.844061	2022.608851	2019.465275	2016.409495	2013.437883	2010.547009	2007.733627	2004.994661	2002.327199	1999.728475	1997.195867	1994.726884	1992.319157	1989.970435	1987.678575	1985.441536	1983.257376	1981.124240	1979.040363	1977.004056	1975.013710	1973.067785	1971.164812	1969.303383	1967.482153	1965.699833	1963.955190
2856.704957	2793.765804	2736.998362	2685.679581	2639.171418	2596.911843	2596.911843	2561.696051	2529.463220	2499.849741	2472.548794	2447.299677	2423.879458	2402.096369	2381.784548	2362.799807	2345.016203	2328.323239	2312.623569	2297.831099	2283.869402	2270.670404	2258.173270	2246.323465	2235.071965	2224.374572	2214.191337	2204.486061	2195.225866	2186.380821	2177.923620	2169.829302	2162.075000	2154.639731	2147.504203	2140.650648	2134.062677	2127.725146	2121.624039	2115.746370	2110.080085	2104.613983	2099.337638	2094.241338	2089.316023	2084.553229	2079.945043	2075.484057	2071.163328	2066.976345	2062.916991	2058.979520	2055.158522	2051.448905	2047.845869	2044.344886	2040.941680	2037.632212	2034.412661	2031.279412	2028.229041	2025.258302	2022.364118	2019.543566	2016.793873	2014.112400	2011.496641	2008.944209	2006.452831	2004.020343	2001.644682	1999.323879	1997.056055	1994.839417	1992.672251	1990.552920	1988.479856	1986.451562	1984.466602	1982.523603
2964.516607	2895.152135	2832.589432	2776.031630	2724.775552	2678.201790	2678.201790	2639.390896	2603.867487	2571.230833	2541.142792	2513.316050	2487.504912	2463.498035	2441.112626	2420.189775	2400.590682	2382.193570	2364.891156	2348.588555	2333.201540	2318.655086	2304.882146	2291.822622	2279.422481	2267.633015	2256.410195	2245.714129	2235.508581	2225.760565	2216.439988	2207.519338	2198.973417	2190.779098	2182.915119	2175.361901	2168.101379	2161.116862	2154.392908	2147.915200	2141.670457	2135.646332	2129.831337	2124.214767	2118.786637	2113.537621	2108.458995	2103.542596	2098.780774	2094.166351	2089.692587	2085.353148	2081.142073	2077.053750	2073.082888	2069.224497	2065.473865	2061.826541	2058.278313	2054.825198	2051.463421	2048.189406	2044.999761	2041.891265	2038.860862	2035.905644	2033.022847	2030.209843	2027.464126	2024.783311	2022.165124	2019.607395	2017.108054	2014.665124	2012.276717	2009.941028	2007.656330	2005.420972	2003.233372	2001.092016
3072.328258	2996.538467	2928.180501	2866.383678	2810.379685	2759.491737	2759.491737	2717.085741	2678.271754	2642.611925	2609.736791	2579.332422	2551.130366	2524.899702	2500.440704	2477.579743	2456.165161	2436.063902	2417.158743	2399.346012	2382.533678	2366.639767	2351.591023	2337.321778	2323.772997	2310.891457	2298.629054	2286.942198	2275.791297	2265.140310	2254.956356	2245.209375	2235.871834	2226.918465	2218.326036	2210.073153	2202.140080	2194.508579	2187.161776	2180.084031	2173.260829	2166.678681	2160.325036	2154.188196	2148.257252	2142.522012	2136.972947	2131.601136	2126.398220	2121.356357	2116.468183	2111.726776	2107.125624	2102.658594	2098.319906	2094.104108	2090.006050	2086.020869	2082.143965	2078.370983	2074.697801	2071.120510	2067.635404	2064.238964	2060.927851	2057.698887	2054.549053	2051.475477	2048.475421	2045.546278	2042.685565	2039.890910	2037.160052	2034.490831	2031.881183	2029.329136	2026.832804	2024.390381	2022.000141	2019.660428
3180.139908	3097.924799	3023.771571	2956.735727	2895.983819	2840.781684	2840.781684	2794.780586	2752.676020	2713.993017	2678.330790	2645.348795	2614.755820	2586.301369	2559.768783	2534.969711	2511.739640	2489.934233	2469.426330	2450.103468	2431.865816	2414.624448	2398.299899	2382.820934	2368.123512	2354.149900	2340.847913	2328.170266	2316.074013	2304.520055	2293.472724	2282.899412	2272.770251	2263.057832	2253.736953	2244.784406	2236.178781	2227.900296	2219.930644	2212.252861	2204.851200	2197.711030	2190.818735	2184.161625	2177.727866	2171.506403	2165.486899	2159.659676	2154.015666	2148.546364	2143.243779	2138.100404	2133.109175	2128.263438	2123.556925	2118.983718	2114.538235	2110.215198	2106.009617	2101.916769	2097.932181	2094.051614	2090.271047	2086.586663	2082.994839	2079.492130	2076.075260	2072.741111	2069.486716	2066.309246	2063.206007	2060.174426	2057.212051	2054.316538	2051.485649	2048.717244	2046.009277	2043.359791	2040.766911	2038.228841
3287.951558	3199.311130	3119.362640	3047.087776	2981.587952	2922.071631	2922.071631	2872.475431	2827.080287	2785.374109	2746.924789	2711.365167	2678.381274	2647.703036	2619.096861	2592.359679	2567.314120	2543.804565	2521.693917	2500.860925	2481.197954	2462.609130	2445.008776	2428.320091	2412.474028	2397.408342	2383.066771	2369.398335	2356.356728	2343.899799	2331.989091	2320.589449	2309.668669	2299.197199	2289.147870	2279.495659	2270.217482	2261.292013	2252.699512	2244.421691	2236.441572	2228.743380	2221.312433	2214.135054	2207.198481	2200.490795	2194.000851	2187.718216	2181.633113	2175.736370	2170.019375	2164.474032	2159.092726	2153.868283	2148.793943	2143.863329	2139.070420	2134.409527	2129.875269	2125.462554	2121.166561	2116.982717	2112.906690	2108.934362	2105.061828	2101.285373	2097.601466	2094.006745	2090.498010	2087.072214	2083.726448	2080.457942	2077.264050	2074.142245	2071.090115	2068.105352	2065.185751	2062.329201	2059.533680	2056.797254
3395.763209	3300.697462	3214.953709	3137.439824	3067.192086	3003.361578	3003.361578	2950.170276	2901.484553	2856.755202	2815.518788	2777.381540	2742.006728	2709.104703	2678.424939	2649.749647	2622.888599	2597.674896	2573.961505	2551.618381	2530.530091	2510.593811	2491.717653	2473.819247	2456.824544	2440.666784	2425.285630	2410.626403	2396.639444	2383.279544	2370.505459	2358.279485	2346.567086	2335.336566	2324.558787	2314.206911	2304.256184	2294.683729	2285.468381	2276.590521	2268.031943	2259.775729	2251.806132	2244.108483	2236.669095	2229.475186	2222.514803	2215.776755	2209.250559	2202.926376	2196.794971	2190.847660	2185.076277	2179.473127	2174.030961	2168.742940	2163.602605	2158.603856	2153.740921	2149.008340	2144.400941	2139.913821	2135.542332	2131.282061	2127.128817	2123.078617	2119.127672	2115.272379	2111.509305	2107.835181	2104.246890	2100.741458	2097.316049	2093.967952	2090.694581	2087.493461	2084.362225	2081.298610	2078.300449	2075.365667
3503.574859	3402.083794	3310.544779	3227.791873	3152.796219	3084.651525	3084.651525	3027.865121	2975.888820	2928.136294	2884.112787	2843.397912	2805.632183	2770.506370	2737.753017	2707.139615	2678.463078	2651.545228	2626.229092	2602.375838	2579.862229	2558.578493	2538.426529	2519.318404	2501.175059	2483.925227	2467.504488	2451.854472	2436.922160	2422.659289	2409.021827	2395.969522	2383.465503	2371.475933	2359.969704	2348.918164	2338.294885	2328.075446	2318.237249	2308.759351	2299.622315	2290.808078	2282.299831	2274.081912	2266.139710	2258.459578	2251.028755	2243.835295	2236.868005	2230.116382	2223.570567	2217.221289	2211.059828	2205.077971	2199.267980	2193.622551	2188.134790	2182.798184	2177.606573	2172.554125	2167.635320	2162.844925	2158.177975	2153.629760	2149.195806	2144.871860	2140.653878	2136.538013	2132.520600	2128.598149	2124.767331	2121.024974	2117.368047	2113.793660	2110.299047	2106.881569	2103.538698	2100.268020	2097.067219	2093.934080
3611.386509	3503.470125	3406.135848	3318.143922	3238.400352	3165.941472	3165.941472	3105.559966	3050.293086	2999.517386	2952.706786	2909.414285	2869.257637	2831.908037	2797.081095	2764.529583	2734.037557	2705.415559	2678.496679	2653.133294	2629.194367	2606.563174	2585.135406	2564.817560	2545.525575	2527.183669	2509.723347	2493.082540	2477.204875	2462.039033	2447.538195	2433.659559	2420.363920	2407.615300	2395.380620	2383.629417	2372.333586	2361.467163	2351.006117	2340.928181	2331.212687	2321.840428	2312.793530	2304.055341	2295.610324	2287.443969	2279.542706	2271.893835	2264.485451	2257.306389	2250.346162	2243.594917	2237.043378	2230.682816	2224.504998	2218.502161	2212.666975	2206.992513	2201.472225	2196.099911	2190.869700	2185.776029	2180.813618	2175.977459	2171.262795	2166.665103	2162.180085	2157.803647	2153.531895	2149.361116	2145.287773	2141.308490	2137.420046	2133.619367	2129.903513	2126.269677	2122.715172	2119.237429	2115.833988	2112.502493
3719.198160	3604.856457	3501.726917	3408.495970	3324.004486	3247.231419	3247.231419	3183.254810	3124.697353	3070.898478	3021.300785	2975.430657	2932.883091	2893.309704	2856.409173	2821.919552	2789.612037	2759.285891	2730.764266	2703.890751	2678.526505	2654.547855	2631.844283	2610.316716	2589.876091	2570.442112	2551.942205	2534.310609	2517.487591	2501.418778	2486.054562	2471.349595	2457.262338	2443.754667	2430.791537	2418.340669	2406.372287	2394.858879	2383.774986	2373.097011	2362.803058	2352.872777	2343.287229	2334.028770	2325.080939	2316.428360	2308.056658	2299.952374	2292.102897	2284.496395	2277.121758	2269.968545	2263.026929	2256.287660	2249.742017	2243.381772	2237.199160	2231.186842	2225.337877	2219.645696	2214.104080	2208.707132	2203.449261	2198.325158	2193.329784	2188.458347	2183.706291	2179.069281	2174.543190	2170.124084	2165.808214	2161.592006	2157.472045	2153.445074	2149.507979	2145.657785	2141.891646	2138.206839	2134.600758	2131.070906
3827.009810	3706.242788	3597.317987	3498.848019	3409.608619	3328.521366	3328.521366	3260.949655	3199.101620	3142.279570	3089.894783	3041.447030	2996.508545	2954.711371	2915.737251	2879.309520	2845.186516	2813.156222	2783.031853	2754.648207	2727.858643	2702.532537	2678.553159	2655.815873	2634.226606	2613.700554	2594.161064	2575.538677	2557.770307	2540.798522	2524.570930	2509.039632	2494.160755	2479.894034	2466.202454	2453.051922	2440.410989	2428.250596	2416.543854	2405.265841	2394.393430	2383.905126	2373.780928	2364.002199	2354.551553	2345.412752	2336.570610	2328.010914	2319.720343	2311.686401	2303.897354	2296.342173	2289.010480	2281.892504	2274.979035	2268.261383	2261.731345	2255.381171	2249.203529	2243.191482	2237.338460	2231.638236	2226.084904	2220.672857	2215.396773	2210.251590	2205.232497	2200.334915	2195.554485	2190.887051	2186.328656	2181.875522	2177.524044	2173.270781	2169.112445	2165.045893	2161.068120	2157.176249	2153.367527	2149.639319
3934.821460	3807.629120	3692.909056	3589.200067	3495.212753	3409.811313	3409.811313	3338.644500	3273.505886	3213.660662	3158.488782	3107.463402	3060.133999	3016.113038	2975.065330	2936.699488	2900.760995	2867.026554	2835.299440	2805.405664	2777.190781	2750.517218	2725.262036	2701.315029	2678.577122	2656.958997	2636.379923	2616.766746	2598.053022	2580.178267	2563.087298	2546.729669	2531.059172	2516.033401	2501.613371	2487.763175	2474.449690	2461.642313	2449.312722	2437.434671	2425.983802	2414.937475	2404.274627	2393.975628	2384.022168	2374.397143	2365.084562	2356.069454	2347.337789	2338.876407	2330.672950	2322.715801	2314.994031	2307.497349	2300.216053	2293.140994	2286.263530	2279.575499	2273.069180	2266.737267	2260.572840	2254.569340	2248.720547	2243.020556	2237.463762	2232.044833	2226.758703	2221.600549	2216.565779	2211.650019	2206.849097	2202.159037	2197.576042	2193.096488	2188.716911	2184.434001	2180.244593	2176.145658	2172.134297	2168.207732
4042.633111	3909.015452	3788.500125	3679.552116	3580.816886	3491.101260	3491.101260	3416.339345	3347.910153	3285.041754	3227.082781	3173.479775	3123.759454	3077.514704	3034.393408	2994.089456	2956.335474	2920.896885	2887.567027	2856.163121	2826.522919	2798.501900	2771.970912	2746.814185	2722.927638	2700.217439	2678.598781	2657.994814	2638.335738	2619.558012	2601.603666	2584.419706	2567.957589	2552.172769	2537.024288	2522.474427	2508.488391	2495.034030	2482.081590	2469.603501	2457.574173	2445.969825	2434.768326	2423.949057	2413.492782	2403.381535	2393.598514	2384.127994	2374.955235	2366.066414	2357.448546	2349.089429	2340.977582	2333.102193	2325.453072	2318.020605	2310.795715	2303.769828	2296.934832	2290.283053	2283.807220	2277.500444	2271.356190	2265.368255	2259.530750	2253.838076	2248.284909	2242.866183	2237.577074	2232.412986	2227.369539	2222.442553	2217.628041	2212.922195	2208.321377	2203.822109	2199.421067	2195.115068	2190.901066	2186.776145
4150.444761	4010.401783	3884.091195	3769.904165	3666.421019	3572.391207	3572.391207	3494.034190	3422.314419	3356.422846	3295.676780	3239.496147	3187.384908	3138.916371	3093.721486	3051.479424	3011.909954	2974.767217	2939.834614	2906.920577	2875.855056	2846.486581	2818.679789	2792.313342	2767.278153	2743.475882	2720.817640	2699.222883	2678.618454	2658.937756	2640.120033	2622.109742	2604.856006	2588.312136	2572.435204	2557.185680	2542.527093	2528.425746	2514.850459	2501.772331	2489.164545	2477.002174	2465.262025	2453.922486	2442.963397	2432.365926	2422.112466	2412.186533	2402.572681	2393.256420	2384.224142	2375.463057	2366.961133	2358.707037	2350.690090	2342.900215	2335.327901	2327.964157	2320.800484	2313.828838	2307.041600	2300.431547	2293.991832	2287.715954	2281.597739	2275.631320	2269.811116	2264.131817	2258.588369	2253.175954	2247.889981	2242.726069	2237.680040	2232.747902	2227.925843	2223.210217	2218.597541	2214.084477	2209.667836	2205.344558
4258.256411	4111.788115	3979.682264	3860.256213	3752.025153	3653.681154	3653.681154	3571.729035	3496.718686	3427.803938	3364.270779	3305.512520	3251.010362	3200.318038	3153.049564	3108.869392	3067.484433	3028.637548	2992.102201	2957.678034	2925.187194	2894.471262	2865.388666	2837.812498	2811.628669	2786.734324	2763.036498	2740.450951	2718.901169	2698.317501	2678.636401	2659.799779	2641.754424	2624.451503	2607.846121	2591.896932	2576.565794	2561.817463	2547.619327	2533.941161	2520.754916	2508.034523	2495.755724	2483.895915	2472.434011	2461.350318	2450.626418	2440.245073	2430.190127	2420.446426	2410.999738	2401.836685	2392.944684	2384.311882	2375.927108	2367.779826	2359.860086	2352.158486	2344.666136	2337.374624	2330.275979	2323.362651	2316.627475	2310.063653	2303.664728	2297.424563	2291.337322	2285.397451	2279.599664	2273.938922	2268.410422	2263.009585	2257.732039	2252.573609	2247.530309	2242.598326	2237.774014	2233.053887	2228.434605	2223.912971
4366.068062	4213.174447	4075.273333	3950.608262	3837.629286	3734.971101	3734.971101	3649.423880	3571.122953	3499.185030	3432.864778	3371.528892	3314.635816	3261.719705	3212.377642	3166.259360	3123.058912	3082.507880	3044.369788	3008.435490	2974.519332	2942.455944	2912.097542	2883.311655	2855.979185	2829.992767	2805.255357	2781.679019	2759.183885	2737.697246	2717.152769	2697.489816	2678.652841	2660.590870	2643.257038	2626.608185	2610.604495	2595.209180	2580.388195	2566.109992	2552.345288	2539.066873	2526.249423	2513.869344	2501.904626	2490.334709	2479.140370	2468.303613	2457.807574	2447.636432	2437.775333	2428.210313	2418.928235	2409.916726	2401.164127	2392.659437	2384.392271	2376.352814	2368.531788	2360.920409	2353.510359	2346.293755	2339.263118	2332.411352	2325.731717	2319.217806	2312.863528	2306.663085	2300.610959	2294.701889	2288.930864	2283.293101	2277.784038	2272.399316	2267.134775	2261.986434	2256.950488	2252.023297	2247.201374	2242.481383
4473.879712	4314.560778	4170.864403	4040.960311	3923.233420	3816.261048	3816.261048	3727.118725	3645.527219	3570.566122	3501.458777	3437.545265	3378.261270	3323.121372	3271.705720	3223.649328	3178.633391	3136.378212	3096.637375	3059.192947	3023.851470	2990.440625	2958.806419	2928.810811	2900.329700	2873.251209	2847.474215	2822.907088	2799.466601	2777.076990	2755.669137	2735.179852	2715.551258	2696.730237	2678.667955	2661.319438	2644.643196	2628.600896	2613.157063	2598.278822	2583.935660	2570.099222	2556.743122	2543.842773	2531.375240	2519.319100	2507.654322	2496.362152	2485.425020	2474.826439	2464.550929	2454.583941	2444.911786	2435.521571	2426.401145	2417.539048	2408.924456	2400.547143	2392.397440	2384.466195	2376.744739	2369.224859	2361.898761	2354.759051	2347.798706	2341.011050	2334.389734	2327.928719	2321.622254	2315.464857	2309.451305	2303.576617	2297.836036	2292.225023	2286.739241	2281.374542	2276.126962	2270.992706	2265.968144	2261.049796
4581.691362	4415.947110	4266.455472	4131.312359	4008.837553	3897.550995	3897.550995	3804.813569	3719.931486	3641.947214	3570.052775	3503.561637	3441.886724	3384.523039	3331.033798	3281.039296	3234.207871	3190.248543	3148.904962	3109.950403	3073.183608	3038.425307	3005.515296	2974.309967	2944.680216	2916.509652	2889.693074	2864.135156	2839.749316	2816.456735	2794.185504	2772.869889	2752.449675	2732.869604	2714.078872	2696.030690	2678.681898	2661.992613	2645.925932	2630.447652	2615.526031	2601.131571	2587.236821	2573.816202	2560.845855	2548.303492	2536.168274	2524.420692	2513.042466	2502.016445	2491.326525	2480.957570	2470.895337	2461.126415	2451.638164	2442.418658	2433.456641	2424.741472	2416.263092	2408.011980	2399.979119	2392.155962	2384.534404	2377.106750	2369.865695	2362.804293	2355.915941	2349.194354	2342.633548	2336.227824	2329.971747	2323.860133	2317.888035	2312.050731	2306.343707	2300.762650	2295.303435	2289.962116	2284.734913	2279.618209
4689.503013	4517.333442	4362.046542	4221.664408	4094.441687	3978.840942	3978.840942	3882.508414	3794.335752	3713.328307	3638.646774	3569.578010	3505.512179	3445.924706	3390.361877	3338.429264	3289.782350	3244.118875	3201.172549	3160.707860	3122.515746	3086.409988	3052.224172	3019.809124	2989.030732	2959.768094	2931.911933	2905.363225	2880.032032	2855.836479	2832.701872	2810.559926	2789.348092	2769.008971	2749.489788	2730.741943	2712.720599	2695.384330	2678.694800	2662.616482	2647.116403	2632.163920	2617.730520	2603.789631	2590.316469	2577.287883	2564.682225	2552.479232	2540.659912	2529.206451	2518.102121	2507.331198	2496.878888	2486.731259	2476.875182	2467.298269	2457.988826	2448.935801	2440.128744	2431.557766	2423.213499	2415.087066	2407.170047	2399.454449	2391.932684	2384.597536	2377.442147	2370.459988	2363.644843	2356.990792	2350.492188	2344.143648	2337.940034	2331.876438	2325.948173	2320.150758	2314.479909	2308.931525	2303.501683	2298.186622
4797.314663	4618.719773	4457.637611	4312.016457	4180.045820	4060.130889	4060.130889	3960.203259	3868.740019	3784.709399	3707.240773	3635.594382	3569.137633	3507.326373	3449.689955	3395.819232	3345.356829	3297.989206	3253.440136	3211.465316	3171.847884	3134.394669	3098.933049	3065.308280	3033.381247	3003.026537	2974.130791	2946.591293	2920.314748	2895.216224	2871.218240	2848.249962	2826.246510	2805.148338	2784.900705	2765.453196	2746.759300	2728.776046	2711.463668	2694.785312	2678.706774	2663.196270	2648.224218	2633.763060	2619.787084	2606.272275	2593.196177	2580.537771	2568.277358	2556.396457	2544.877717	2533.704826	2522.862438	2512.336104	2502.112200	2492.177880	2482.521011	2473.130129	2463.994396	2455.103551	2446.447879	2438.018170	2429.805690	2421.802148	2413.999673	2406.390779	2398.968353	2391.725622	2384.656138	2377.753759	2371.012630	2364.427164	2357.992033	2351.702145	2345.552639	2339.538866	2333.656383	2327.900935	2322.268452	2316.755035
4905.126313	4720.106105	4553.228680	4402.368505	4265.649953	4141.420836	4141.420836	4037.898104	3943.144285	3856.090491	3775.834772	3701.610754	3632.763087	3568.728040	3509.018033	3453.209200	3400.931308	3351.859538	3305.707723	3262.222773	3221.180021	3182.379351	3145.641926	3110.807436	3077.731763	3046.284979	3016.349650	2987.819362	2960.597463	2934.595969	2909.734608	2885.939999	2863.144927	2841.287705	2820.311622	2800.164448	2780.798001	2762.167763	2744.232537	2726.954142	2710.297146	2694.228619	2678.717917	2663.736489	2649.257698	2635.256666	2621.710129	2608.596311	2595.894804	2583.586464	2571.653313	2560.078454	2548.845989	2537.940948	2527.349219	2517.057491	2507.053196	2497.324458	2487.860048	2478.649337	2469.682259	2460.949273	2452.441332	2444.149847	2436.066661	2428.184023	2420.494559	2412.991256	2405.667433	2398.516727	2391.533071	2384.710680	2378.044031	2371.527852	2365.157105	2358.926974	2352.832856	2346.870345	2341.035222	2335.323448
5012.937964	4821.492437	4648.819750	4492.720554	4351.254087	4222.710783	4222.710783	4115.592949	4017.548552	3927.471583	3844.428771	3767.627127	3696.388541	3630.129707	3568.346111	3510.599168	3456.505788	3405.729869	3357.975310	3312.980229	3270.512159	3230.364032	3192.350802	3156.306593	3122.082279	3089.543422	3058.568508	3029.047430	3000.880179	2973.975713	2948.250975	2923.630036	2900.043344	2877.427072	2855.722539	2834.875701	2814.836703	2795.559480	2777.001405	2759.122972	2741.887518	2725.260968	2709.211616	2693.709918	2678.728313	2664.241057	2650.224081	2636.654851	2623.512250	2610.776470	2598.428909	2586.452082	2574.829540	2563.545792	2552.586237	2541.937101	2531.585381	2521.518787	2511.725700	2502.195122	2492.916639	2483.880377	2475.076975	2466.497546	2458.133650	2449.977266	2442.020765	2434.256890	2426.678728	2419.279694	2412.053513	2404.994196	2398.096030	2391.353559	2384.761571	2378.315082	2372.009330	2365.839754	2359.801991	2353.891861
5120.749614	4922.878768	4744.410819	4583.072603	4436.858220	4304.000730	4304.000730	4193.287794	4091.952819	3998.852675	3913.022770	3833.643499	3760.013995	3691.531373	3627.674189	3567.989136	3512.080267	3459.600201	3410.242898	3363.737686	3319.844297	3278.348714	3239.059679	3201.805749	3166.432794	3132.801864	3100.787367	3070.275499	3041.162895	3013.355458	2986.767343	2961.320073	2936.941761	2913.566439	2891.133456	2869.586953	2848.875404	2828.951197	2809.770273	2791.291802	2773.477889	2756.293318	2739.705315	2723.683347	2708.198927	2693.225449	2678.738033	2664.713391	2651.129696	2637.966476	2625.204504	2612.825710	2600.813091	2589.150637	2577.823256	2566.816712	2556.117566	2545.713116	2535.591352	2525.740908	2516.151018	2506.811481	2497.712618	2488.845245	2480.200639	2471.770509	2463.546972	2455.522524	2447.690023	2440.042662	2432.573955	2425.277712	2418.148029	2411.179266	2404.366037	2397.703191	2391.185804	2384.809164	2378.568761	2372.460274
